10
15
m 0 14
1 9 0
2 9 0
3 9 0
w 4 14
w 5 14
w 8 14
w 9 14
w 4 13
p 7 13
p 8 13
p 5 12
p 6 12
w 1 11
w 2 11
w 9 11
w 1 10
p 2 10
w 5 10
p 6 10
p 7 10
w 9 10
w 1 9
p 2 9
w 3 9
p 4 9
w 5 9
p 7 9
w 9 9
w 1 8
w 5 8
p 8 8
w 9 8
p 1 7
w 5 7
p 8 7
w 9 7
p 2 6
p 4 6
p 5 6
w 9 6
p 1 5
p 5 5
w 9 5
p 2 4
w 3 4
w 5 4
w 6 4
w 7 4
w 8 4
w 9 4
p 1 3
w 3 3
p 6 3
p 7 3
p 1 2
w 3 2
w 8 2
w 1 1
p 2 1
w 3 0
w 4 0
w 5 0
t 300 0
m 0 13
1 9 1
2 8 0
3 9 1
t 299 0
m 1 13
1 8 1
2 9 0
3 9 0
t 298 0
m 1 13
1 7 1
2 8 0
3 8 0
t 297 0
m 2 13
1 7 2
2 9 0
3 7 0
t 296 0
m 1 13
1 7 3
2 9 1
3 8 0
t 295 0
m 2 13
1 7 2
2 9 0
3 8 1
t 294 0
m 3 13
1 6 2
2 8 0
3 9 1
t 293 0
m 2 13
1 7 2
2 8 1
3 9 0
t 292 0
m 1 13
1 7 3
2 8 0
3 8 0
t 291 0
m 1 13
1 6 3
2 8 1
3 7 0
t 290 0
m 1 13
1 5 3
2 9 1
3 8 0
t 289 0
m 1 13
1 6 3
2 9 2
3 7 0
t 288 0
m 2 13
1 6 2
2 9 1
3 7 1
t 287 0
m 2 12
1 6 3
2 9 2
3 8 1
t 286 0
m 3 12
1 6 2
2 9 1
3 8 0
t 285 0
m 3 12
1 6 1
2 9 0
3 8 1
t 284 0
m 3 12
1 6 0
2 8 0
3 9 1
t 283 0
m 3 12
1 7 0
2 8 1
3 8 1
t 282 0
m 3 12
1 7 1
2 7 1
3 8 0
t 281 0
m 4 12
1 8 1
2 7 2
3 7 0
t 280 0
m 3 12
1 8 0
2 6 2
3 6 0
t 279 0
m 3 11
1 9 0
2 6 3
3 7 0
t 278 0
m 4 11
1 9 1
2 6 2
3 7 1
t 277 0
m 4 11
1 8 1
2 6 3
3 8 1
t 276 0
m 4 11
1 7 1
2 7 3
3 8 0
t 275 0
m 4 11
1 6 1
2 6 3
3 9 0
t 274 0
m 4 10
1 7 1
2 6 2
3 9 1
t 273 0
m 4 11
1 6 1
2 5 2
3 9 2
t 272 0
m 4 11
1 7 1
2 6 2
3 9 1
t 271 0
m 4 11
1 7 2
2 7 2
3 8 1
t 270 0
m 4 11
1 6 2
2 6 2
3 9 1
f 1 6
t 269 0
m 3 11
1 7 2
2 6 3
3 8 1
t 268 0
m 3 10
1 7 3
2 6 2
3 8 0
t 267 0
m 2 10
1 7 2
2 5 2
3 7 0
t 266 4
m 2 9
1 7 3
2 5 1
3 6 0
t 265 8
m 2 8
1 6 3
2 6 1
3 7 0
t 264 8
m 2 7
1 5 3
2 6 2
3 8 0
t 263 8
m 2 6
1 4 3
2 5 2
3 7 0
t 262 12
m 1 6
1 5 3
2 6 2
3 8 0
t 261 22
m 1 6
1 5 2
2 6 3
3 7 0
t 260 22
m 1 6
1 6 2
2 5 3
3 8 0
t 259 22
m 1 6
1 6 3
2 6 3
3 8 1
t 258 22
m 1 6
1 7 3
2 5 3
3 8 0
t 257 22
m 1 6
1 7 2
2 5 2
3 8 1
t 256 22
m 1 6
1 7 3
2 6 2
3 7 1
t 255 22
m 1 6
1 8 3
2 7 2
3 7 0
f 0 11
t 254 22
m 1 6
1 9 3
2 7 1
3 6 0
t 253 22
m 0 6
1 8 3
2 7 0
3 7 0
t 252 22
m 0 6
1 7 3
2 7 1
3 8 0
t 251 22
m 0 7
1 8 3
2 8 1
3 8 1
t 250 22
m 0 8
1 7 3
2 7 1
3 9 1
t 249 22
m 0 9
1 6 3
2 7 2
3 9 0
t 248 22
m 0 10
1 5 3
2 6 2
3 8 0
t 247 22
m 0 11
1 5 2
2 5 2
3 8 1
t 246 32
m 0 11
1 5 3
2 6 2
3 9 1
t 245 32
m 0 11
1 6 3
2 6 3
3 9 0
t 244 32
m 0 11
1 5 3
2 7 3
3 8 0
t 243 32
m 0 12
1 6 3
2 6 3
3 7 0
t 242 32
m 0 12
1 6 2
2 5 3
3 6 0
t 241 32
m 0 12
1 6 1
2 4 3
3 7 0
f 7 7
t 240 32
m 1 12
1 6 2
2 5 3
3 8 0
t 239 32
m 1 13
1 6 3
2 4 3
3 8 1
t 238 32
m 2 13
1 5 3
2 4 4
3 9 1
t 237 32
m 2 12
1 4 3
2 4 3
3 8 1
t 236 32
m 3 12
1 4 2
2 4 4
3 9 1
t 235 32
m 3 12
1 4 1
2 4 5
3 9 2
t 234 32
m 3 11
1 3 1
2 3 5
3 9 1
t 233 32
m 4 11
1 4 1
2 2 5
3 8 1
t 232 32
m 5 11
1 5 1
2 2 4
3 9 1
t 231 32
m 6 11
1 5 2
2 2 3
3 8 1
t 230 32
m 7 11
1 6 2
2 1 3
3 7 1
t 229 32
m 7 10
1 6 1
2 2 3
3 8 1
t 228 36
m 7 9
1 6 2
2 2 4
3 9 1
t 227 40
m 7 8
1 6 3
2 2 5
3 9 2
t 226 40
m 7 7
1 6 2
2 2 6
3 9 3
t 225 50
m 7 7
1 6 3
2 2 5
3 9 2
t 224 50
m 7 7
1 7 3
2 2 4
3 9 1
t 223 50
m 7 7
1 7 2
2 1 4
3 8 1
t 222 50
m 7 7
1 7 1
2 1 5
3 9 1
t 221 50
m 7 7
1 7 2
2 2 5
3 9 0
t 220 50
m 7 7
1 6 2
2 2 4
3 9 1
t 219 50
m 7 7
1 5 2
2 2 3
3 9 0
t 218 50
m 7 7
1 6 2
2 1 3
3 8 0
t 217 50
m 7 8
1 7 2
2 2 3
3 9 0
t 216 50
m 7 8
1 6 2
2 2 4
3 8 0
t 215 50
m 7 7
1 5 2
2 1 4
3 7 0
t 214 50
m 7 7
1 5 3
2 0 4
3 8 0
t 213 50
m 7 7
1 6 3
2 0 3
3 8 1
t 212 50
m 7 7
1 5 3
2 0 4
3 7 1
t 211 50
m 7 7
1 4 3
2 0 3
3 7 2
t 210 50
m 7 7
1 5 3
2 1 3
3 6 2
t 209 50
m 7 6
1 6 3
2 1 2
3 6 1
t 208 50
m 7 7
1 7 3
2 1 3
3 6 0
t 207 50
m 7 7
1 8 3
2 2 3
3 6 1
t 206 50
m 7 7
1 7 3
2 1 3
3 6 2
t 205 50
m 7 7
1 7 2
2 1 2
3 7 2
t 204 50
m 7 6
1 6 2
2 2 2
3 6 2
t 203 50
m 7 7
1 6 3
2 2 3
3 6 1
t 202 50
m 7 7
1 7 3
2 2 2
3 6 0
t 201 50
m 7 7
1 8 3
2 2 1
3 6 1
f 2 5
t 200 50
m 7 6
1 9 3
2 2 0
3 6 0
t 199 50
m 6 6
1 8 3
2 2 1
3 7 0
t 198 50
m 6 6
1 7 3
2 2 0
3 8 0
t 197 50
m 5 6
1 7 2
2 1 0
3 7 0
t 196 55
m 4 6
1 6 2
2 0 0
3 8 0
t 195 59
m 3 6
1 6 3
2 0 1
3 9 0
t 194 59
m 2 6
1 6 2
2 0 0
3 9 1
t 193 59
m 2 5
1 7 2
2 0 1
3 8 1
t 192 69
m 2 5
1 7 1
2 0 2
3 7 1
t 191 69
m 1 5
1 7 0
2 0 3
3 7 2
t 190 73
m 2 5
1 7 1
2 0 2
3 6 2
t 189 73
m 2 5
1 8 1
2 0 1
3 5 2
t 188 73
m 2 5
1 9 1
2 0 2
3 6 2
t 187 73
m 2 5
1 9 2
2 0 1
3 6 1
t 186 73
m 2 5
1 9 3
2 0 0
3 6 0
t 185 73
m 2 5
1 8 3
2 0 1
3 7 0
t 184 73
m 2 5
1 7 3
2 0 0
3 6 0
t 183 73
m 2 5
1 6 3
2 1 0
3 6 1
t 182 73
m 2 5
1 5 3
2 0 0
3 5 1
t 181 73
m 2 5
1 6 3
2 0 1
3 4 1
t 180 73
m 2 5
1 5 3
2 0 0
3 5 1
t 179 73
m 2 5
1 5 2
2 1 0
3 5 2
t 178 73
m 2 5
1 5 1
2 2 0
3 5 3
t 177 73
m 2 5
1 5 2
2 2 1
3 4 3
t 176 73
m 2 5
1 6 2
2 2 2
3 5 3
t 175 73
m 2 5
1 6 1
2 2 3
3 6 3
f 2 7
t 174 73
m 2 6
1 6 2
2 1 3
3 6 2
t 173 73
m 2 7
1 7 2
2 2 3
3 7 2
t 172 83
m 2 7
1 7 3
2 2 2
3 7 3
t 171 83
m 2 6
1 7 2
2 2 1
3 8 3
t 170 83
m 2 7
1 7 3
2 2 2
3 7 3
t 169 83
m 2 7
1 8 3
2 2 1
3 6 3
t 168 83
m 2 7
1 7 3
2 2 2
3 6 2
t 167 83
m 2 7
1 6 3
2 1 2
3 6 1
t 166 83
m 2 7
1 7 3
2 0 2
3 7 1
t 165 83
m 2 7
1 6 3
2 1 2
3 6 1
t 164 83
m 2 7
1 6 2
2 0 2
3 6 0
f 0 12
t 163 83
m 2 8
1 7 2
2 0 1
3 6 1
t 162 83
m 2 9
1 6 2
2 0 0
3 5 1
t 161 83
m 2 10
1 7 2
2 0 1
3 5 2
t 160 83
m 3 10
1 7 3
2 0 0
3 5 1
t 159 83
m 3 11
1 7 2
2 0 1
3 5 2
t 158 83
m 3 12
1 6 2
2 0 2
3 6 2
t 157 83
m 2 12
1 5 2
2 1 2
3 5 2
t 156 83
m 3 12
1 6 2
2 1 3
3 5 3
t 155 83
m 2 12
1 7 2
2 0 3
3 5 2
t 154 83
m 2 13
1 7 1
2 0 4
3 5 3
t 153 83
m 1 13
1 7 0
2 1 4
3 4 3
t 152 83
m 0 13
1 8 0
2 1 3
3 4 2
t 151 83
m 0 12
1 8 1
2 0 3
3 4 3
t 150 93
m 0 12
1 7 1
2 0 2
3 4 2
t 149 93
m 0 12
1 8 1
2 0 3
3 4 1
t 148 93
m 0 12
1 8 0
2 0 2
3 5 1
t 147 93
m 0 12
1 7 0
2 0 1
3 6 1
t 146 93
m 0 12
1 7 1
2 0 0
3 6 0
t 145 93
m 0 12
1 7 2
2 0 1
3 7 0
t 144 93
m 0 12
1 6 2
2 0 2
3 6 0
t 143 93
m 0 12
1 6 1
2 0 3
3 6 1
t 142 93
m 0 12
1 7 1
2 0 4
3 6 0
t 141 93
m 1 12
1 6 1
2 0 5
3 7 0
t 140 93
m 0 12
1 6 0
2 0 6
3 6 0
t 139 93
m 0 12
1 7 0
2 0 5
3 7 0
t 138 93
m 0 12
1 6 0
2 0 4
3 7 1
f 8 10
t 137 93
m 1 12
1 6 1
2 0 3
3 8 1
t 136 93
m 2 12
1 5 1
2 0 4
3 7 1
t 135 93
m 3 12
1 5 2
2 0 5
3 6 1
t 134 93
m 3 12
1 5 3
2 0 6
3 5 1
t 133 93
m 3 12
1 4 3
2 1 6
3 4 1
t 132 93
m 3 12
1 5 3
2 1 5
3 3 1
t 131 93
m 3 11
1 4 3
2 1 6
3 4 1
t 130 93
m 4 11
1 4 4
2 1 7
3 4 2
t 129 93
m 4 10
1 4 3
2 1 6
3 5 2
t 128 93
m 4 11
1 4 4
2 2 6
3 6 2
t 127 93
m 5 11
1 4 3
2 2 7
3 6 1
t 126 93
m 6 11
1 4 2
2 2 8
3 6 2
t 125 93
m 7 11
1 4 1
2 3 8
3 6 1
t 124 93
m 8 11
1 4 2
2 2 8
3 7 1
t 123 93
m 8 10
1 5 2
2 2 7
3 7 2
t 122 103
m 8 10
1 5 1
2 2 6
3 6 2
t 121 103
m 7 10
1 6 1
2 3 6
3 5 2
t 120 103
m 8 10
1 6 0
2 3 5
3 5 1
t 119 103
m 8 10
1 6 1
2 3 6
3 4 1
t 118 103
m 8 10
1 6 0
2 3 5
3 4 2
t 117 103
m 7 10
1 6 1
2 2 5
3 4 3
t 116 103
m 8 10
1 6 0
2 3 5
3 4 2
t 115 103
m 8 10
1 7 0
2 2 5
3 4 1
t 114 103
m 7 10
1 6 0
2 2 6
3 5 1
t 113 103
m 7 10
1 6 1
2 2 7
3 5 2
t 112 103
m 7 10
1 6 2
2 1 7
3 6 2
t 111 103
m 7 10
1 7 2
2 0 7
3 7 2
t 110 103
m 8 10
1 7 3
2 1 7
3 7 3
t 109 103
m 8 10
1 6 3
2 1 6
3 7 2
t 108 103
m 8 10
1 6 2
2 2 6
3 6 2
t 107 103
m 7 10
1 6 3
2 2 7
3 5 2
t 106 103
m 8 10
1 5 3
2 2 6
3 6 2
t 105 103
m 7 10
1 5 2
2 1 6
3 6 3
t 104 103
m 8 10
1 4 2
2 2 6
3 6 2
t 103 103
m 7 10
1 4 1
2 2 7
3 5 2
t 102 103
m 8 10
1 5 1
2 2 6
3 5 3
t 101 103
m 8 9
1 5 2
2 2 7
3 6 3
t 100 103
m 8 9
1 6 2
2 2 8
3 5 3
t 99 103
m 7 9
1 6 3
2 3 8
3 6 3
t 98 103
m 7 10
1 7 3
2 3 7
3 6 2
t 97 103
m 7 10
1 7 2
2 3 6
3 6 1
t 96 103
m 7 10
1 7 3
2 2 6
3 7 1
t 95 103
m 8 10
1 8 3
2 2 5
3 6 1
t 94 103
m 8 10
1 7 3
2 1 5
3 5 1
t 93 103
m 8 9
1 8 3
2 0 5
3 5 2
t 92 103
m 8 10
1 9 3
2 0 4
3 6 2
t 91 103
m 8 10
1 9 2
2 0 5
3 5 2
t 90 103
m 7 10
1 9 3
2 0 6
3 6 2
t 89 103
m 8 10
1 9 2
2 0 5
3 5 2
t 88 103
m 7 10
1 9 3
2 1 5
3 5 1
t 87 103
m 7 10
1 9 2
2 1 4
3 5 2
t 86 103
m 8 10
1 9 3
2 2 4
3 5 1
t 85 103
m 7 10
1 9 2
2 2 5
3 4 1
t 84 103
m 8 10
1 9 1
2 2 6
3 3 1
t 83 103
m 8 9
1 9 2
2 1 6
3 2 1
t 82 103
m 8 10
1 9 1
2 1 5
3 2 2
t 81 103
m 7 10
1 8 1
2 0 5
3 1 2
t 80 103
m 8 10
1 8 0
2 0 6
3 2 2
t 79 103
m 8 11
1 8 1
2 0 5
3 1 2
t 78 103
m 8 10
1 9 1
2 0 6
3 2 2
t 77 103
m 8 10
1 9 2
2 1 6
3 1 2
t 76 103
m 7 10
1 9 3
2 2 6
3 2 2
t 75 103
m 8 10
1 8 3
2 1 6
3 2 3
t 74 103
m 7 10
1 7 3
2 0 6
3 2 4
t 73 103
m 7 10
1 7 2
2 0 7
3 2 3
t 72 103
m 7 10
1 7 1
2 1 7
3 2 2
t 71 103
m 8 10
1 8 1
2 2 7
3 1 2
t 70 103
m 7 10
1 8 0
2 2 8
3 0 2
t 69 103
m 8 10
1 9 0
2 3 8
3 0 3
t 68 103
m 7 10
1 8 0
2 2 8
3 0 4
f 0 6
t 67 103
m 7 9
1 7 0
2 2 9
3 1 4
t 66 103
m 7 8
1 6 0
2 2 8
3 1 3
t 65 103
m 7 7
1 6 1
2 2 9
3 1 2
t 64 103
m 7 6
1 7 1
2 2 8
3 2 2
t 63 103
m 6 6
1 7 0
2 3 8
3 2 1
t 62 103
m 6 6
1 8 0
2 2 8
3 2 2
t 61 103
m 5 6
1 7 0
2 3 8
3 1 2
t 60 103
m 4 6
1 7 1
2 4 8
3 0 2
t 59 103
m 3 6
1 7 0
2 4 7
3 1 2
t 58 103
m 3 6
1 6 0
2 4 6
3 2 2
t 57 103
m 2 6
1 6 1
2 4 5
3 2 1
t 56 103
m 1 6
1 6 2
2 5 5
3 2 0
t 55 103
m 0 6
1 5 2
2 4 5
3 1 0
t 54 113
m 0 6
1 5 3
2 4 6
3 0 0
t 53 113
m 0 6
1 5 2
2 4 5
3 1 0
t 52 113
m 0 6
1 4 2
2 4 6
3 2 0
t 51 113
m 0 6
1 4 1
2 4 7
3 2 1
t 50 113
m 1 6
1 3 1
2 4 6
3 3 1
t 49 113
m 1 6
1 4 1
2 4 7
3 4 1
t 48 113
m 0 6
1 5 1
2 4 6
3 4 2
t 47 113
m 0 6
1 4 1
2 4 7
3 4 1
t 46 113
m 0 6
1 5 1
2 4 8
3 5 1
t 45 113
m 0 6
1 6 1
2 3 8
3 5 2
t 44 113
m 0 6
1 6 2
2 3 7
3 4 2
t 43 113
m 1 6
1 6 3
2 3 6
3 5 2
t 42 113
m 2 6
1 6 2
2 3 7
3 5 3
t 41 113
m 1 6
1 6 1
2 4 7
3 4 3
t 40 113
m 1 6
1 6 0
2 3 7
3 4 4
t 39 113
m 0 6
1 7 0
2 3 6
3 4 5
t 38 113
m 1 6
1 8 0
2 3 5
3 4 6
t 37 113
m 0 6
1 8 1
2 2 5
3 4 7
t 36 113
m 1 6
1 8 0
2 2 4
3 4 8
t 35 113
m 1 6
1 7 0
2 1 4
3 4 7
t 34 113
m 0 6
1 6 0
2 1 3
3 4 6
t 33 113
m 1 6
1 6 1
2 1 2
3 4 5
t 32 113
m 1 6
1 6 0
2 0 2
3 4 4
t 31 113
m 1 6
1 6 1
2 0 1
3 4 5
t 30 113
m 1 6
1 6 0
2 0 2
3 5 5
t 29 113
m 0 6
1 6 1
2 1 2
3 4 5
t 28 113
m 0 6
1 5 1
2 1 3
3 5 5
t 27 113
m 0 6
1 5 2
2 1 2
3 5 6
t 26 113
m 1 6
1 5 3
2 1 3
3 6 6
t 25 113
m 1 6
1 4 3
2 0 3
3 7 6
t 24 113
m 1 6
1 4 4
2 1 3
3 7 7
t 23 113
m 2 6
1 4 5
2 0 3
3 8 7
t 22 113
m 1 6
1 4 4
2 0 2
3 8 8
t 21 113
m 1 6
1 4 5
2 1 2
3 7 8
t 20 113
m 1 6
1 3 5
2 1 3
3 6 8
t 19 113
m 0 6
1 4 5
2 1 4
3 6 7
t 18 113
m 1 6
1 3 5
2 2 4
3 7 7
t 17 113
m 1 6
1 3 6
2 1 4
3 6 7
t 16 113
m 1 6
1 3 5
2 0 4
3 6 8
t 15 113
m 0 6
1 3 6
2 0 5
3 7 8
t 14 113
m 0 6
1 4 6
2 0 4
3 7 9
t 13 113
m 0 6
1 5 6
2 1 4
3 7 8
t 12 113
m 0 6
1 4 6
2 1 3
3 7 9
t 11 113
m 0 6
1 5 6
2 1 2
3 7 10
t 10 113
m 0 7
1 4 6
2 2 2
3 7 11
t 9 113
m 0 6
1 4 7
2 2 3
3 7 10
t 8 113
m 0 6
1 3 7
2 1 3
3 7 9
t 7 113
m 0 7
1 4 7
2 1 2
3 7 8
t 6 113
m 0 6
1 3 7
2 1 3
3 6 8
t 5 113
m 0 6
1 3 8
2 1 4
3 6 9
t 4 113
m 1 6
1 3 7
2 2 4
3 7 9
t 3 113
m 1 6
1 2 7
2 2 5
3 7 8
t 2 113
m 1 6
1 2 6
2 3 5
3 8 8
t 1 113
m 0 6
1 1 6
2 2 5
3 8 7
t 0 113
