10
15
m 0 14
1 9 0
2 9 0
3 9 0
p 3 13
p 6 13
p 7 13
p 8 13
p 1 12
p 6 12
w 8 12
p 1 11
p 2 11
w 3 11
w 4 11
w 8 11
w 0 10
w 3 10
w 4 10
p 6 10
w 7 10
w 8 10
w 0 9
p 3 9
p 5 9
w 7 9
p 3 8
p 6 8
p 7 8
p 4 6
w 5 6
w 7 6
w 3 5
w 5 5
p 1 4
p 2 4
w 7 4
w 8 4
p 3 3
p 4 3
p 6 3
w 7 3
w 8 3
p 2 2
w 7 2
w 8 2
p 1 1
p 6 1
w 7 1
w 8 1
w 0 0
w 1 0
w 2 0
w 3 0
w 4 0
w 5 0
w 6 0
w 7 0
w 8 0
t 300 0
m 1 14
1 9 1
2 9 1
3 9 1
t 299 0
m 1 13
1 9 2
2 9 2
3 9 2
t 298 0
m 1 13
1 9 1
2 9 1
3 9 3
t 297 0
m 1 14
1 9 0
2 9 0
3 9 4
t 296 0
m 1 13
1 9 1
2 9 1
3 9 5
t 295 0
m 1 13
1 9 2
2 9 2
3 9 6
t 294 0
m 1 13
1 9 1
2 9 3
3 9 7
t 293 0
m 1 13
1 9 0
2 9 2
3 9 8
t 292 0
m 1 13
1 9 1
2 9 3
3 9 9
t 291 0
m 1 13
1 9 0
2 9 4
3 9 10
t 290 0
m 1 13
1 9 1
2 9 5
3 9 11
t 289 0
m 1 13
1 9 2
2 9 6
3 9 12
t 288 0
m 1 13
1 9 1
2 8 6
3 9 13
t 287 0
m 1 12
1 9 2
2 9 6
3 9 14
t 286 4
m 1 11
1 9 1
2 9 7
3 9 13
t 285 8
m 1 11
1 9 2
2 9 8
3 9 14
t 284 8
m 1 11
1 9 3
2 8 8
3 9 13
t 283 8
m 1 11
1 9 4
2 8 7
3 9 14
f 0 1
t 282 8
m 1 11
1 9 3
2 7 7
3 9 13
t 281 8
m 0 11
1 9 4
2 6 7
3 9 14
t 280 8
m 0 12
1 9 3
2 6 8
3 9 13
t 279 8
m 0 12
1 9 2
2 6 9
3 9 14
t 278 8
m 0 12
1 9 3
2 6 10
3 9 13
t 277 8
m 0 12
1 9 2
2 6 9
3 9 14
t 276 8
m 0 12
1 9 3
2 6 8
3 9 13
t 275 8
m 0 12
1 9 4
2 6 7
3 9 14
t 274 8
m 0 12
1 9 5
2 6 6
3 9 13
t 273 8
m 0 11
1 9 4
2 6 7
3 9 14
t 272 8
m 0 12
1 9 5
2 6 6
3 9 13
t 271 8
m 0 11
1 8 5
2 6 7
3 9 14
t 270 8
m 0 12
1 8 6
2 6 8
3 9 13
t 269 8
m 0 12
1 8 5
2 7 8
3 9 14
t 268 8
m 0 12
1 7 5
2 6 8
3 9 13
t 267 8
m 0 12
1 6 5
2 5 8
3 9 14
t 266 8
m 0 12
1 7 5
2 5 9
3 9 13
t 265 8
m 0 12
1 8 5
2 5 10
3 9 14
t 264 8
m 0 12
1 8 6
2 5 11
3 9 13
t 263 8
m 0 12
1 8 7
2 5 10
3 9 14
t 262 8
m 0 12
1 9 7
2 5 11
3 9 13
t 261 8
m 0 12
1 9 8
2 6 11
3 9 14
t 260 8
m 0 12
1 9 7
2 6 12
3 9 13
t 259 8
m 0 11
1 9 8
2 6 11
3 9 14
t 258 8
m 1 11
1 8 8
2 6 12
3 9 13
t 257 8
m 1 10
1 8 7
2 5 12
3 9 14
t 256 8
m 1 9
1 9 7
2 5 13
3 9 13
t 255 8
m 1 8
1 8 7
2 5 14
3 9 14
t 254 8
m 1 7
1 7 7
2 4 14
3 9 13
t 253 8
m 1 6
1 7 8
2 4 13
3 9 14
t 252 8
m 1 5
1 6 8
2 5 13
3 9 13
t 251 8
m 1 4
1 6 7
2 5 12
3 9 14
t 250 13
m 1 3
1 5 7
2 6 12
3 9 13
t 249 13
m 1 2
1 4 7
2 5 12
3 9 14
t 248 13
m 0 2
1 4 6
2 4 12
3 9 13
t 247 13
m 0 1
1 4 5
2 5 12
3 9 14
t 246 23
m 0 1
1 4 6
2 6 12
3 9 13
t 245 23
m 0 1
1 4 5
2 6 11
3 9 14
t 244 23
m 0 1
1 4 6
2 5 11
3 9 13
t 243 23
m 0 1
1 4 7
2 6 11
3 9 14
t 242 23
m 0 1
1 4 6
2 6 10
3 9 13
f 2 1
t 241 23
m 1 1
1 4 5
2 5 10
3 9 14
t 240 27
m 2 1
1 4 4
2 5 9
3 9 13
t 239 37
m 2 1
1 5 4
2 5 8
3 9 14
t 238 37
m 2 1
1 5 3
2 5 7
3 9 13
t 237 37
m 2 1
1 6 3
2 6 7
3 9 14
t 236 37
m 2 1
1 6 4
2 7 7
3 9 13
t 235 37
m 2 1
1 6 5
2 6 7
3 9 14
t 234 37
m 2 1
1 6 6
2 5 7
3 9 13
t 233 37
m 2 1
1 6 5
2 6 7
3 9 14
t 232 37
m 2 1
1 6 4
2 6 8
3 9 13
t 231 37
m 2 1
1 6 5
2 7 8
3 9 14
t 230 37
m 2 1
1 6 4
2 7 7
3 9 13
t 229 37
m 2 1
1 6 3
2 8 7
3 9 14
f 0 5
t 228 37
m 1 1
1 6 4
2 9 7
3 9 13
t 227 37
m 1 2
1 6 3
2 9 6
3 9 14
t 226 37
m 0 2
1 6 4
2 9 5
3 9 13
t 225 37
m 0 3
1 6 3
2 8 5
3 9 14
t 224 37
m 0 4
1 6 4
2 9 5
3 9 13
t 223 37
m 0 5
1 6 3
2 8 5
3 9 14
t 222 47
m 0 5
1 6 2
2 8 6
3 9 13
t 221 47
m 0 5
1 6 3
2 8 7
3 9 14
t 220 47
m 0 5
1 6 2
2 9 7
3 9 13
t 219 47
m 0 5
1 6 3
2 9 8
3 9 14
t 218 47
m 0 5
1 5 3
2 9 7
3 9 13
t 217 47
m 0 5
1 5 2
2 8 7
3 9 14
t 216 47
m 0 5
1 4 2
2 7 7
3 9 13
t 215 47
m 0 5
1 5 2
2 6 7
3 9 14
t 214 47
m 0 5
1 5 3
2 6 8
3 9 13
t 213 47
m 0 5
1 6 3
2 5 8
3 9 14
f 0 6
t 212 47
m 0 6
1 6 2
2 4 8
3 9 13
t 211 57
m 0 6
1 6 1
2 3 8
3 9 14
t 210 57
m 0 6
1 5 1
2 4 8
3 9 13
t 209 57
m 0 6
1 6 1
2 4 7
3 9 14
t 208 57
m 0 6
1 5 1
2 4 6
3 9 13
t 207 57
m 0 6
1 5 2
2 4 5
3 9 14
t 206 57
m 0 6
1 6 2
2 4 6
3 9 13
t 205 57
m 0 6
1 5 2
2 3 6
3 9 14
t 204 57
m 0 6
1 5 1
2 3 7
3 9 13
t 203 57
m 0 6
1 6 1
2 2 7
3 9 14
t 202 57
m 0 6
1 5 1
2 1 7
3 9 13
t 201 57
m 0 6
1 5 2
2 1 6
3 9 14
t 200 57
m 0 6
1 4 2
2 1 5
3 9 13
t 199 57
m 0 6
1 4 1
2 0 5
3 9 14
t 198 57
m 1 6
1 4 2
2 0 4
3 9 13
t 197 57
m 1 6
1 4 1
2 1 4
3 9 14
t 196 57
m 0 6
1 4 2
2 1 3
3 9 13
t 195 57
m 0 6
1 5 2
2 1 2
3 9 14
t 194 57
m 0 6
1 4 2
2 1 1
3 9 13
t 193 57
m 0 6
1 4 1
2 1 2
3 9 14
t 192 57
m 0 6
1 5 1
2 1 1
3 9 13
t 191 57
m 0 6
1 4 1
2 1 2
3 9 14
t 190 57
m 0 6
1 5 1
2 1 1
3 9 13
t 189 57
m 0 6
1 4 1
2 0 1
3 9 14
t 188 57
m 1 6
1 4 2
2 0 2
3 9 13
t 187 57
m 0 6
1 3 2
2 0 1
3 9 14
t 186 57
m 0 6
1 3 1
2 1 1
3 9 13
t 185 57
m 0 6
1 2 1
2 2 1
3 9 14
t 184 57
m 0 6
1 1 1
2 2 2
3 9 13
t 183 57
m 0 6
1 2 1
2 3 2
3 9 14
t 182 57
m 0 6
1 2 2
2 4 2
3 9 13
t 181 57
m 0 6
1 3 2
2 4 1
3 9 14
t 180 57
m 0 6
1 2 2
2 5 1
3 9 13
t 179 57
m 0 6
1 1 2
2 4 1
3 9 14
t 178 57
m 0 6
1 1 1
2 3 1
3 9 13
t 177 57
m 0 6
1 0 1
2 3 2
3 9 14
t 176 57
m 1 6
1 1 1
2 2 2
3 9 13
t 175 57
m 0 6
1 1 2
2 2 3
3 9 14
t 174 57
m 0 6
1 1 3
2 3 3
3 9 13
t 173 57
m 0 6
1 0 3
2 2 3
3 9 14
t 172 57
m 0 6
1 0 4
2 1 3
3 9 13
t 171 57
m 1 6
1 0 3
2 2 3
3 9 14
t 170 57
m 1 6
1 0 2
2 1 3
3 9 13
t 169 57
m 0 6
1 0 3
2 0 3
3 9 14
t 168 57
m 1 6
1 0 2
2 1 3
3 9 13
t 167 57
m 0 6
1 0 1
2 0 3
3 9 14
t 166 57
m 0 6
1 0 2
2 1 3
3 9 13
t 165 57
m 0 6
1 1 2
2 1 2
3 9 14
f 6 14
t 164 57
m 0 7
1 0 2
2 0 2
3 9 13
t 163 57
m 1 7
1 0 1
2 0 3
3 9 14
t 162 57
m 1 8
1 1 1
2 0 4
3 9 13
t 161 57
m 2 8
1 2 1
2 0 5
3 9 14
t 160 57
m 3 8
1 1 1
2 0 6
3 9 13
t 159 61
m 4 8
1 0 1
2 1 6
3 9 14
t 158 61
m 5 8
1 1 1
2 1 5
3 9 13
t 157 61
m 5 9
1 0 1
2 1 4
3 9 14
t 156 66
m 5 9
1 1 1
2 0 4
3 9 13
t 155 66
m 5 10
1 1 2
2 1 4
3 9 14
t 154 66
m 6 10
1 2 2
2 0 4
3 9 13
t 153 70
m 6 11
1 3 2
2 0 5
3 9 14
t 152 70
m 6 12
1 4 2
2 0 6
3 9 13
t 151 74
m 6 13
1 3 2
2 0 5
3 9 14
t 150 79
m 6 13
1 3 3
2 0 6
3 9 13
t 149 79
m 6 14
1 3 2
2 1 6
3 9 14
t 148 89
m 6 14
1 4 2
2 0 6
3 9 13
t 147 89
m 6 14
1 5 2
2 1 6
3 9 14
t 146 89
m 6 14
1 6 2
2 0 6
3 9 13
t 145 89
m 6 14
1 6 3
2 0 5
3 9 14
t 144 89
m 6 13
1 6 2
2 1 5
3 9 13
t 143 89
m 6 14
1 6 3
2 1 4
3 9 14
t 142 89
m 6 13
1 6 4
2 0 4
3 9 13
t 141 89
m 6 14
1 5 4
2 1 4
3 9 14
t 140 89
m 6 13
1 4 4
2 1 5
3 9 13
t 139 89
m 6 14
1 4 5
2 2 5
3 9 14
f 5 2
t 138 89
m 6 13
1 4 6
2 2 6
3 9 13
t 137 89
m 6 12
1 4 7
2 3 6
3 9 14
t 136 89
m 6 11
1 3 7
2 2 6
3 9 13
t 135 89
m 6 10
1 3 6
2 2 5
3 9 14
t 134 89
m 6 9
1 3 7
2 2 4
3 9 13
t 133 89
m 6 8
1 3 6
2 2 5
3 9 14
t 132 93
m 6 7
1 3 7
2 2 6
3 9 13
t 131 93
m 6 6
1 2 7
2 2 5
3 9 14
t 130 93
m 6 5
1 1 7
2 2 6
3 9 13
t 129 93
m 6 4
1 0 7
2 2 7
3 9 14
t 128 93
m 6 3
1 1 7
2 1 7
3 9 13
t 127 97
m 6 2
1 1 6
2 1 8
3 9 14
t 126 97
m 5 2
1 1 5
2 1 9
3 9 13
t 125 107
m 5 2
1 1 6
2 2 9
3 9 14
f 6 5
t 124 107
m 6 2
1 1 5
2 1 9
3 9 13
t 123 107
m 6 3
1 1 4
2 2 9
3 9 14
t 122 107
m 6 4
1 0 4
2 2 10
3 9 13
t 121 107
m 6 5
1 0 3
2 2 9
3 9 14
t 120 117
m 6 5
1 0 2
2 2 10
3 9 13
t 119 117
m 6 5
1 0 1
2 2 9
3 9 14
t 118 117
m 6 5
1 1 1
2 2 8
3 9 13
t 117 117
m 6 5
1 2 1
2 2 9
3 9 14
t 116 117
m 6 5
1 3 1
2 2 10
3 9 13
t 115 117
m 6 5
1 2 1
2 1 10
3 9 14
t 114 117
m 6 5
1 3 1
2 1 9
3 9 13
f 3 4
t 113 117
m 6 4
1 4 1
2 1 10
3 9 14
t 112 117
m 5 4
1 4 2
2 2 10
3 9 13
t 111 117
m 4 4
1 4 3
2 1 10
3 9 14
t 110 117
m 3 4
1 4 2
2 1 9
3 9 13
t 109 127
m 2 4
1 4 3
2 1 10
3 9 14
t 108 132
m 3 4
1 5 3
2 2 10
3 9 13
t 107 132
m 3 4
1 5 4
2 2 9
3 9 14
t 106 132
m 3 3
1 4 4
2 1 9
3 9 13
t 105 136
m 3 3
1 5 4
2 2 9
3 9 14
t 104 136
m 3 3
1 4 4
2 2 8
3 9 13
t 103 136
m 3 3
1 4 5
2 2 9
3 9 14
t 102 136
m 3 3
1 4 6
2 1 9
3 9 13
t 101 136
m 3 3
1 3 6
2 2 9
3 9 14
f 8 6
t 100 136
m 4 3
1 3 7
2 2 8
3 9 13
t 99 140
m 5 3
1 4 7
2 2 7
3 9 14
t 98 140
m 6 3
1 4 8
2 3 7
3 9 13
t 97 140
m 6 4
1 4 7
2 4 7
3 9 14
t 96 140
m 6 5
1 5 7
2 5 7
3 9 13
t 95 140
m 7 5
1 6 7
2 4 7
3 9 14
t 94 140
m 8 5
1 5 7
2 4 8
3 9 13
t 93 140
m 8 6
1 6 7
2 4 9
3 9 14
t 92 150
m 8 6
1 7 7
2 4 8
3 9 13
t 91 150
m 8 6
1 8 7
2 4 9
3 9 14
t 90 150
m 8 6
1 7 7
2 5 9
3 9 13
t 89 150
m 8 6
1 7 8
2 5 10
3 9 14
t 88 150
m 8 6
1 7 7
2 5 9
3 9 13
f 3 3
t 87 150
m 8 5
1 8 7
2 5 8
3 9 14
t 86 150
m 7 5
1 9 7
2 5 9
3 9 13
t 85 150
m 6 5
1 8 7
2 5 8
3 9 14
t 84 150
m 6 4
1 8 6
2 5 7
3 9 13
t 83 150
m 6 3
1 8 5
2 5 8
3 9 14
t 82 150
m 5 3
1 8 6
2 5 9
3 9 13
t 81 150
m 4 3
1 9 6
2 4 9
3 9 14
t 80 150
m 3 3
1 9 7
2 5 9
3 9 13
t 79 160
m 3 3
1 9 8
2 5 8
3 9 14
t 78 160
m 3 3
1 9 7
2 5 7
3 9 13
f 4 3
t 77 160
m 4 3
1 8 7
2 6 7
3 9 14
t 76 170
m 4 3
1 8 6
2 6 8
3 9 13
t 75 170
m 4 3
1 8 5
2 5 8
3 9 14
t 74 170
m 4 3
1 7 5
2 5 7
3 9 13
t 73 170
m 4 3
1 6 5
2 6 7
3 9 14
t 72 170
m 4 3
1 6 6
2 6 8
3 9 13
t 71 170
m 4 3
1 6 7
2 5 8
3 9 14
t 70 170
m 4 3
1 7 7
2 5 7
3 9 13
t 69 170
m 4 3
1 7 8
2 6 7
3 9 14
t 68 170
m 4 3
1 7 7
2 6 8
3 9 13
t 67 170
m 4 3
1 8 7
2 6 9
3 9 14
t 66 170
m 4 3
1 9 7
2 5 9
3 9 13
t 65 170
m 4 3
1 9 8
2 5 10
3 9 14
t 64 170
m 4 3
1 9 9
2 6 10
3 9 13
t 63 170
m 4 3
1 9 8
2 6 11
3 9 14
t 62 170
m 4 3
1 9 7
2 7 11
3 9 13
t 61 170
m 4 3
1 8 7
2 7 12
3 9 14
t 60 170
m 4 3
1 8 6
2 7 11
3 9 13
t 59 170
m 4 3
1 9 6
2 7 12
3 9 14
t 58 170
m 4 3
1 9 7
2 7 13
3 9 13
t 57 170
m 4 3
1 9 8
2 7 14
3 9 14
t 56 170
m 4 3
1 8 8
2 7 13
3 9 13
t 55 170
m 4 3
1 9 8
2 6 13
3 9 14
t 54 170
m 4 3
1 9 7
2 7 13
3 9 13
t 53 170
m 4 3
1 9 6
2 8 13
3 9 14
t 52 170
m 4 3
1 8 6
2 9 13
3 9 13
t 51 170
m 4 3
1 8 5
2 9 14
3 9 14
t 50 170
m 4 3
1 9 5
2 8 14
3 9 13
t 49 170
m 4 3
1 9 6
2 8 13
3 9 14
t 48 170
m 4 3
1 8 6
2 7 13
3 9 13
t 47 170
m 4 3
1 8 7
2 8 13
3 9 14
t 46 170
m 4 3
1 9 7
2 9 13
3 9 13
f 0 5
t 45 170
m 3 3
1 8 7
2 8 13
3 9 14
t 44 170
m 2 3
1 9 7
2 7 13
3 9 13
t 43 170
m 1 3
1 9 6
2 8 13
3 9 14
t 42 170
m 0 3
1 9 5
2 9 13
3 9 13
t 41 170
m 0 4
1 9 4
2 9 12
3 9 14
t 40 170
m 0 5
1 9 5
2 9 11
3 9 13
t 39 180
m 0 5
1 9 4
2 9 12
3 9 14
t 38 180
m 0 5
1 9 3
2 9 13
3 9 13
f 2 3
t 37 180
m 1 5
1 9 4
2 9 14
3 9 14
t 36 180
m 1 4
1 9 3
2 9 13
3 9 13
t 35 180
m 2 4
1 9 4
2 8 13
3 9 14
t 34 180
m 2 3
1 9 5
2 9 13
3 9 13
t 33 190
m 2 3
1 9 4
2 9 12
3 9 14
t 32 190
m 2 3
1 9 3
2 9 11
3 9 13
t 31 190
m 2 3
1 9 4
2 9 12
3 9 14
f 2 14
t 30 190
m 2 4
1 9 5
2 9 13
3 9 13
t 29 190
m 2 4
1 8 5
2 8 13
3 9 14
t 28 190
m 2 4
1 9 5
2 9 13
3 9 13
t 27 190
m 2 4
1 9 4
2 9 14
3 9 14
t 26 190
m 2 5
1 9 5
2 9 13
3 9 13
t 25 190
m 2 6
1 9 4
2 9 14
3 9 14
t 24 190
m 2 7
1 9 5
2 8 14
3 9 13
t 23 190
m 2 8
1 9 4
2 9 14
3 9 14
t 22 190
m 2 9
1 9 3
2 8 14
3 9 13
t 21 190
m 2 9
1 9 2
2 7 14
3 9 14
t 20 190
m 2 9
1 9 3
2 8 14
3 9 13
t 19 190
m 2 9
1 9 2
2 9 14
3 9 14
t 18 190
m 2 9
1 9 1
2 9 13
3 9 13
t 17 190
m 2 9
1 9 2
2 8 13
3 9 14
t 16 190
m 2 9
1 9 1
2 7 13
3 9 13
t 15 190
m 2 9
1 9 0
2 8 13
3 9 14
t 14 190
m 2 9
1 9 1
2 8 14
3 9 13
t 13 190
m 2 9
1 9 0
2 7 14
3 9 14
t 12 190
m 2 9
1 9 1
2 8 14
3 9 13
t 11 190
m 2 10
1 9 2
2 7 14
3 9 14
t 10 190
m 2 11
1 9 1
2 6 14
3 9 13
t 9 195
m 2 12
1 9 0
2 6 13
3 9 14
t 8 195
m 2 13
1 9 1
2 6 14
3 9 13
t 7 195
m 2 13
1 9 2
2 7 14
3 9 14
t 6 195
m 2 13
1 9 3
2 7 13
3 9 13
t 5 195
m 2 14
1 9 4
2 6 13
3 9 14
t 4 205
m 2 14
1 9 5
2 5 13
3 9 13
t 3 205
m 2 14
1 8 5
2 5 14
3 9 14
t 2 205
m 2 14
1 9 5
2 6 14
3 9 13
t 1 205
m 2 13
1 8 5
2 6 13
3 9 14
t 0 205
