30
20
m 0 19
1 29 0
2 29 0
3 29 0
w 13 19
w 14 19
w 15 19
w 16 19
w 17 19
w 24 19
w 25 19
w 26 19
w 27 19
w 1 18
w 2 18
p 7 18
p 10 18
p 14 18
w 20 18
w 21 18
w 24 18
w 25 18
w 26 18
w 27 18
w 1 17
w 2 17
p 3 17
w 6 17
p 7 17
p 8 17
p 11 17
p 12 17
w 13 17
p 15 17
w 16 17
w 17 17
p 20 17
w 24 17
w 25 17
w 26 17
w 27 17
p 1 16
p 3 16
p 5 16
w 6 16
p 9 16
p 10 16
p 11 16
p 15 16
p 19 16
w 21 16
p 26 16
p 28 16
w 0 15
w 1 15
w 2 15
p 8 15
w 9 15
p 12 15
p 13 15
p 15 15
p 16 15
p 18 15
p 24 15
p 27 15
w 0 14
w 1 14
w 2 14
p 7 14
p 8 14
w 9 14
w 10 14
w 11 14
w 12 14
w 14 14
w 15 14
w 17 14
w 18 14
w 19 14
w 21 14
p 22 14
w 23 14
p 25 14
w 26 14
w 27 14
p 1 13
p 4 13
p 5 13
p 6 13
w 9 13
w 10 13
w 11 13
w 12 13
w 14 13
w 15 13
p 17 13
w 21 13
w 23 13
w 26 13
w 27 13
w 3 12
w 4 12
w 5 12
p 9 12
p 14 12
w 20 12
w 21 12
p 22 12
w 23 12
w 1 11
p 2 11
w 3 11
w 4 11
p 7 11
p 9 11
p 11 11
p 13 11
p 14 11
p 22 11
p 24 11
w 27 11
w 28 11
w 29 11
w 1 10
p 7 10
p 12 10
p 13 10
p 15 10
w 19 10
w 21 10
p 23 10
p 27 10
w 28 10
w 29 10
w 1 9
w 3 9
p 4 9
w 7 9
w 8 9
w 10 9
w 11 9
w 12 9
w 13 9
w 14 9
p 17 9
p 18 9
w 21 9
p 22 9
p 24 9
p 28 9
w 29 9
w 1 8
p 2 8
w 3 8
p 5 8
p 6 8
w 7 8
w 8 8
w 10 8
w 11 8
p 14 8
p 18 8
p 19 8
w 20 8
w 21 8
w 22 8
w 25 8
p 27 8
w 29 8
w 1 7
p 2 7
w 3 7
w 6 7
w 7 7
w 8 7
p 11 7
p 13 7
p 14 7
p 15 7
p 16 7
w 17 7
p 19 7
w 20 7
w 21 7
w 22 7
p 24 7
p 25 7
p 28 7
w 29 7
p 3 6
p 5 6
p 7 6
w 11 6
w 12 6
w 13 6
w 14 6
w 17 6
w 20 6
w 21 6
w 22 6
w 23 6
w 24 6
w 25 6
w 29 6
p 2 5
p 6 5
p 8 5
p 10 5
w 12 5
w 13 5
w 14 5
p 15 5
w 16 5
p 20 5
p 23 5
w 24 5
w 25 5
p 26 5
w 27 5
w 29 5
p 5 4
p 9 4
w 12 4
w 13 4
w 14 4
w 16 4
p 18 4
w 19 4
w 21 4
w 22 4
w 24 4
w 25 4
p 26 4
w 27 4
w 29 4
w 0 3
p 5 3
p 6 3
p 11 3
p 13 3
w 19 3
w 21 3
w 22 3
w 24 3
w 25 3
p 26 3
w 27 3
w 29 3
w 0 2
p 1 2
w 3 2
p 4 2
p 5 2
p 6 2
p 7 2
w 8 2
p 11 2
p 12 2
p 13 2
w 14 2
w 16 2
p 18 2
w 19 2
p 20 2
w 21 2
w 22 2
w 24 2
w 25 2
p 26 2
w 27 2
p 28 2
w 29 2
w 0 1
w 5 1
w 8 1
w 10 1
w 11 1
p 12 1
p 15 1
p 18 1
p 19 1
p 21 1
w 25 1
w 27 1
w 29 1
w 0 0
w 14 0
w 15 0
w 16 0
w 17 0
w 18 0
w 19 0
w 20 0
w 21 0
w 22 0
w 23 0
t 1200 0
m 0 19
1 28 0
2 28 0
3 28 0
t 1199 0
m 0 18
1 28 1
2 28 1
3 28 1
t 1198 0
m 0 19
1 28 2
2 28 2
3 28 0
t 1197 0
m 0 19
1 28 3
2 28 1
3 28 1
t 1196 0
m 0 19
1 28 4
2 28 0
3 28 2
f 11 19
t 1195 0
m 1 19
1 28 5
2 29 0
3 28 3
t 1194 0
m 2 19
1 28 4
2 28 0
3 28 2
t 1193 0
m 3 19
1 28 5
2 29 0
3 28 3
t 1192 0
m 4 19
1 28 6
2 28 0
3 28 2
t 1191 0
m 4 19
1 28 7
2 29 0
3 28 3
t 1190 0
m 4 19
1 27 7
2 28 0
3 28 2
t 1189 0
m 5 19
1 27 6
2 28 1
3 28 3
t 1188 0
m 6 19
1 28 6
2 28 2
3 28 2
t 1187 0
m 7 19
1 28 5
2 28 3
3 28 1
t 1186 0
m 8 19
1 28 6
2 28 2
3 28 2
t 1185 0
m 8 19
1 28 5
2 28 3
3 28 1
t 1184 0
m 9 19
1 28 4
2 28 4
3 28 0
t 1183 0
m 10 19
1 28 3
2 28 3
3 27 0
t 1182 0
m 11 19
1 28 2
2 28 4
3 26 0
t 1181 10
m 11 19
1 28 3
2 28 5
3 27 0
t 1180 10
m 12 19
1 28 2
2 28 4
3 28 0
t 1179 10
m 11 19
1 28 1
2 28 5
3 29 0
t 1178 10
m 12 19
1 28 2
2 28 6
3 28 0
t 1177 10
m 12 19
1 28 3
2 28 5
3 29 0
t 1176 10
m 11 19
1 28 2
2 28 6
3 28 0
t 1175 10
m 11 19
1 28 3
2 28 5
3 27 0
f 16 18
t 1174 10
m 12 19
1 28 2
2 28 6
3 26 0
t 1173 10
m 12 18
1 28 1
2 28 7
3 25 0
t 1172 10
m 13 18
1 28 0
2 27 7
3 24 0
t 1171 10
m 14 18
1 27 0
2 27 8
3 24 1
t 1170 10
m 13 18
1 26 0
2 27 9
3 23 1
t 1169 10
m 14 18
1 26 1
2 27 10
3 24 1
t 1168 10
m 14 18
1 26 2
2 27 9
3 23 1
t 1167 10
m 15 18
1 26 1
2 27 10
3 22 1
t 1166 10
m 16 18
1 26 0
2 26 10
3 23 1
t 1165 20
m 16 18
1 26 1
2 27 10
3 23 2
t 1164 20
m 15 18
1 26 2
2 27 9
3 23 3
t 1163 20
m 16 18
1 26 3
2 28 9
3 23 4
t 1162 20
m 16 18
1 26 2
2 27 9
3 23 3
t 1161 20
m 15 18
1 26 1
2 28 9
3 23 2
t 1160 20
m 16 18
1 26 2
2 28 8
3 23 3
t 1159 20
m 16 18
1 26 3
2 28 9
3 23 2
t 1158 20
m 16 18
1 26 2
2 27 9
3 23 3
t 1157 20
m 16 18
1 26 1
2 26 9
3 23 2
t 1156 20
m 16 18
1 26 0
2 26 10
3 23 3
t 1155 20
m 15 18
1 26 1
2 27 10
3 23 2
t 1154 20
m 16 18
1 26 2
2 27 9
3 23 3
t 1153 20
m 16 18
1 26 3
2 26 9
3 23 4
t 1152 20
m 16 18
1 26 2
2 26 10
3 23 5
t 1151 20
m 16 18
1 26 1
2 26 11
3 23 4
t 1150 20
m 16 18
1 26 0
2 26 12
3 23 5
t 1149 20
m 15 18
1 27 0
2 27 12
3 22 5
t 1148 20
m 16 18
1 26 0
2 28 12
3 21 5
t 1147 20
m 16 18
1 25 0
2 29 12
3 22 5
t 1146 20
m 16 18
1 24 0
2 29 13
3 21 5
t 1145 20
m 16 18
1 25 0
2 29 12
3 22 5
t 1144 20
m 16 18
1 26 0
2 29 13
3 21 5
t 1143 20
m 16 18
1 25 0
2 29 12
3 20 5
t 1142 20
m 16 18
1 26 0
2 29 13
3 20 4
t 1141 20
m 16 18
1 27 0
2 29 14
3 20 5
t 1140 20
m 17 18
1 28 0
2 29 15
3 20 4
t 1139 20
m 16 18
1 28 1
2 28 15
3 20 3
t 1138 20
m 16 18
1 28 0
2 27 15
3 20 4
t 1137 20
m 15 18
1 27 0
2 26 15
3 20 3
t 1136 20
m 16 18
1 26 0
2 26 16
3 20 2
t 1135 20
m 16 18
1 27 0
2 26 15
3 20 1
t 1134 20
m 16 18
1 28 0
2 27 15
3 20 2
t 1133 20
m 15 18
1 29 0
2 27 16
3 20 3
t 1132 20
m 16 18
1 28 0
2 28 16
3 20 4
t 1131 20
m 16 18
1 27 0
2 29 16
3 20 5
t 1130 20
m 16 18
1 26 0
2 29 15
3 19 5
t 1129 20
m 17 18
1 27 0
2 29 16
3 19 6
t 1128 20
m 16 18
1 28 0
2 28 16
3 19 7
f 5 19
t 1127 20
m 15 18
1 29 0
2 28 17
3 19 6
t 1126 20
m 14 18
1 28 0
2 28 18
3 19 7
t 1125 20
m 13 18
1 29 0
2 29 18
3 18 7
t 1124 20
m 12 18
1 28 0
2 29 19
3 18 6
t 1123 20
m 11 18
1 27 0
2 28 19
3 18 5
t 1122 20
m 10 18
1 26 0
2 28 18
3 18 4
t 1121 21
m 10 19
1 26 1
2 28 17
3 18 3
t 1120 21
m 9 19
1 26 0
2 28 16
3 18 2
t 1119 21
m 8 19
1 27 0
2 27 16
3 18 3
t 1118 21
m 7 19
1 26 0
2 26 16
3 18 4
t 1117 21
m 6 19
1 25 0
2 27 16
3 17 4
t 1116 21
m 5 19
1 24 0
2 28 16
3 17 5
t 1115 31
m 5 19
1 24 1
2 28 15
3 17 4
t 1114 31
m 5 19
1 23 1
2 28 14
3 18 4
t 1113 31
m 5 19
1 23 2
2 28 15
3 17 4
t 1112 31
m 5 18
1 23 3
2 27 15
3 17 3
t 1111 31
m 5 19
1 23 2
2 26 15
3 17 2
t 1110 31
m 6 19
1 23 3
2 25 15
3 17 1
t 1109 31
m 5 19
1 23 2
2 25 14
3 16 1
t 1108 31
m 5 19
1 23 1
2 25 15
3 17 1
t 1107 31
m 5 19
1 23 2
2 25 14
3 17 2
t 1106 31
m 6 19
1 23 3
2 24 14
3 18 2
t 1105 31
m 5 19
1 23 4
2 24 13
3 18 3
t 1104 31
m 4 19
1 23 3
2 24 14
3 17 3
t 1103 31
m 5 19
1 23 2
2 25 14
3 18 3
t 1102 31
m 4 19
1 23 1
2 24 14
3 17 3
t 1101 31
m 5 19
1 22 1
2 24 13
3 17 4
t 1100 31
m 6 19
1 23 1
2 24 12
3 17 5
t 1099 31
m 5 19
1 23 2
2 24 13
3 18 5
t 1098 31
m 5 19
1 23 3
2 24 14
3 18 4
t 1097 31
m 5 19
1 23 2
2 24 13
3 18 5
t 1096 31
m 5 19
1 23 3
2 24 14
3 19 5
t 1095 31
m 5 19
1 23 4
2 24 15
3 18 5
t 1094 31
m 5 19
1 23 3
2 24 16
3 18 4
t 1093 31
m 5 19
1 23 4
2 23 16
3 17 4
t 1092 31
m 5 19
1 23 3
2 23 15
3 17 5
t 1091 31
m 5 19
1 23 4
2 24 15
3 18 5
t 1090 31
m 6 19
1 23 5
2 24 14
3 19 5
t 1089 31
m 6 19
1 23 4
2 24 13
3 19 6
t 1088 31
m 6 19
1 23 3
2 24 14
3 19 7
f 18 16
t 1087 31
m 6 18
1 23 4
2 24 15
3 19 8
t 1086 31
m 6 18
1 23 5
2 23 15
3 18 8
t 1085 31
m 7 18
1 23 4
2 24 15
3 17 8
t 1084 32
m 7 17
1 23 5
2 24 14
3 17 9
t 1083 33
m 7 16
1 23 4
2 24 13
3 17 10
t 1082 33
m 8 16
1 23 5
2 25 13
3 17 11
t 1081 33
m 8 17
1 22 5
2 24 13
3 16 11
t 1080 34
m 9 17
1 21 5
2 24 12
3 15 11
t 1079 34
m 9 16
1 22 5
2 25 12
3 15 12
t 1078 35
m 9 16
1 21 5
2 24 12
3 14 12
t 1077 35
m 10 16
1 22 5
2 24 13
3 14 11
t 1076 36
m 11 16
1 23 5
2 24 12
3 14 12
t 1075 37
m 12 16
1 23 4
2 24 11
3 13 12
t 1074 37
m 13 16
1 23 5
2 24 10
3 13 11
t 1073 37
m 14 16
1 22 5
2 25 10
3 13 12
t 1072 37
m 14 16
1 23 5
2 24 10
3 13 13
t 1071 37
m 15 16
1 23 4
2 24 11
3 13 14
t 1070 37
m 16 16
1 23 5
2 24 10
3 13 13
t 1069 37
m 17 16
1 23 4
2 24 9
3 13 12
t 1068 37
m 18 16
1 23 5
2 24 10
3 13 13
t 1067 47
m 18 16
1 22 5
2 24 11
3 13 12
t 1066 47
m 18 16
1 21 5
2 24 10
3 13 11
t 1065 47
m 18 16
1 20 5
2 25 10
3 14 11
t 1064 47
m 18 16
1 19 5
2 25 9
3 14 10
t 1063 47
m 18 16
1 18 5
2 26 9
3 14 11
t 1062 47
m 18 17
1 18 6
2 26 10
3 15 11
t 1061 47
m 18 16
1 18 5
2 25 10
3 15 12
f 16 16
t 1060 47
m 17 16
1 18 4
2 25 9
3 15 11
t 1059 47
m 18 16
1 18 3
2 24 9
3 15 12
t 1058 47
m 17 16
1 18 4
2 25 9
3 14 12
t 1057 47
m 16 16
1 18 3
2 25 10
3 15 12
t 1056 57
m 16 16
1 17 3
2 24 10
3 16 12
t 1055 57
m 16 16
1 17 2
2 24 11
3 16 11
t 1054 57
m 15 16
1 18 2
2 24 12
3 17 11
t 1053 57
m 14 16
1 18 1
2 25 12
3 18 11
t 1052 57
m 15 16
1 19 1
2 25 13
3 17 11
t 1051 57
m 15 15
1 20 1
2 25 12
3 17 12
t 1050 58
m 15 16
1 19 1
2 24 12
3 17 11
t 1049 58
m 16 16
1 18 1
2 24 13
3 17 10
t 1048 58
m 16 16
1 19 1
2 24 14
3 17 9
t 1047 58
m 16 15
1 20 1
2 25 14
3 18 9
t 1046 59
m 16 16
1 19 1
2 25 13
3 18 8
t 1045 59
m 16 16
1 18 1
2 25 12
3 18 7
t 1044 59
m 16 15
1 17 1
2 25 11
3 18 8
t 1043 59
m 16 16
1 17 2
2 26 11
3 18 7
t 1042 59
m 16 16
1 17 1
2 26 12
3 18 6
t 1041 59
m 16 16
1 18 1
2 25 12
3 18 7
t 1040 59
m 16 16
1 19 1
2 24 12
3 19 7
t 1039 59
m 16 16
1 18 1
2 24 13
3 19 6
t 1038 59
m 16 16
1 17 1
2 25 13
3 19 7
t 1037 59
m 16 16
1 18 1
2 24 13
3 18 7
t 1036 59
m 16 15
1 17 1
2 24 12
3 19 7
t 1035 59
m 16 16
1 17 2
2 25 12
3 19 6
t 1034 59
m 16 16
1 17 1
2 24 12
3 19 5
t 1033 59
m 16 16
1 17 2
2 24 11
3 18 5
t 1032 59
m 16 16
1 17 1
2 24 12
3 18 6
t 1031 59
m 16 16
1 18 1
2 25 12
3 19 6
t 1030 59
m 16 16
1 19 1
2 25 11
3 19 5
t 1029 59
m 16 16
1 18 1
2 26 11
3 19 6
t 1028 59
m 15 16
1 18 2
2 26 10
3 19 5
t 1027 59
m 16 16
1 18 3
2 26 11
3 19 6
t 1026 59
m 16 16
1 18 2
2 26 12
3 18 6
t 1025 59
m 15 16
1 18 1
2 25 12
3 19 6
t 1024 59
m 16 16
1 17 1
2 25 11
3 19 5
t 1023 59
m 16 16
1 18 1
2 25 12
3 18 5
t 1022 59
m 16 16
1 18 2
2 24 12
3 18 6
t 1021 59
m 16 16
1 17 2
2 24 13
3 18 5
t 1020 59
m 15 16
1 17 1
2 25 13
3 18 4
t 1019 59
m 16 16
1 18 1
2 25 12
3 17 4
t 1018 59
m 16 15
1 19 1
2 25 11
3 17 5
f 19 17
t 1017 59
m 16 16
1 18 1
2 25 10
3 17 4
t 1016 59
m 17 16
1 17 1
2 26 10
3 17 5
t 1015 59
m 18 16
1 17 2
2 25 10
3 18 5
t 1014 59
m 19 16
1 18 2
2 25 9
3 18 4
t 1013 60
m 19 17
1 17 2
2 26 9
3 17 4
t 1012 70
m 19 17
1 17 1
2 26 8
3 18 4
t 1011 70
m 19 17
1 17 2
2 27 8
3 18 5
t 1010 70
m 19 18
1 17 3
2 26 8
3 18 4
t 1009 70
m 19 17
1 18 3
2 26 9
3 18 5
f 15 16
t 1008 70
m 19 16
1 18 2
2 26 8
3 19 5
t 1007 70
m 20 16
1 18 1
2 26 7
3 20 5
t 1006 70
m 19 16
1 17 1
2 25 7
3 20 4
t 1005 70
m 18 16
1 17 2
2 24 7
3 20 5
t 1004 70
m 17 16
1 18 2
2 23 7
3 19 5
t 1003 70
m 17 16
1 18 3
2 24 7
3 18 5
t 1002 70
m 16 16
1 18 4
2 25 7
3 18 4
t 1001 70
m 15 16
1 18 5
2 24 7
3 17 4
t 1000 80
m 15 16
1 18 6
2 23 7
3 17 5
t 999 80
m 15 16
1 18 5
2 23 8
3 17 4
t 998 80
m 16 16
1 18 6
2 23 7
3 17 3
t 997 80
m 15 16
1 19 6
2 23 8
3 16 3
t 996 80
m 15 16
1 19 5
2 23 9
3 17 3
t 995 80
m 15 17
1 19 6
2 24 9
3 17 2
t 994 81
m 15 16
1 19 5
2 25 9
3 17 1
t 993 81
m 15 16
1 19 6
2 25 10
3 18 1
t 992 81
m 15 16
1 19 7
2 26 10
3 17 1
t 991 81
m 14 16
1 19 8
2 26 11
3 18 1
t 990 81
m 15 16
1 18 8
2 26 12
3 17 1
t 989 81
m 15 16
1 17 8
2 25 12
3 17 2
t 988 81
m 15 16
1 17 9
2 25 11
3 18 2
t 987 81
m 15 16
1 17 10
2 25 12
3 17 2
t 986 81
m 15 16
1 18 10
2 24 12
3 17 3
t 985 81
m 15 17
1 18 9
2 24 13
3 17 2
t 984 81
m 15 16
1 18 10
2 24 12
3 17 3
t 983 81
m 15 15
1 17 10
2 24 13
3 17 2
t 982 81
m 15 16
1 16 10
2 24 12
3 17 1
t 981 81
m 15 16
1 16 9
2 25 12
3 16 1
t 980 81
m 15 16
1 16 10
2 26 12
3 17 1
t 979 81
m 15 16
1 15 10
2 26 11
3 16 1
t 978 81
m 15 16
1 15 9
2 26 10
3 17 1
t 977 81
m 15 16
1 15 10
2 26 9
3 18 1
t 976 81
m 16 16
1 14 10
2 26 10
3 17 1
t 975 81
m 15 16
1 14 11
2 27 10
3 17 2
t 974 81
m 15 15
1 15 11
2 27 9
3 17 1
t 973 81
m 15 16
1 16 11
2 28 9
3 16 1
t 972 81
m 14 16
1 16 12
2 28 8
3 15 1
t 971 81
m 15 16
1 15 12
2 28 9
3 14 1
t 970 81
m 16 16
1 16 12
2 28 8
3 13 1
t 969 81
m 15 16
1 15 12
2 28 9
3 13 2
t 968 81
m 15 17
1 14 12
2 27 9
3 13 1
t 967 81
m 15 17
1 15 12
2 27 8
3 12 1
t 966 81
m 15 16
1 16 12
2 27 9
3 12 2
t 965 81
m 15 16
1 16 13
2 28 9
3 13 2
t 964 81
m 15 16
1 16 12
2 28 8
3 13 3
t 963 81
m 14 16
1 16 11
2 28 7
3 13 2
t 962 81
m 14 16
1 16 12
2 28 6
3 13 3
t 961 81
m 15 16
1 17 12
2 28 7
3 14 3
t 960 81
m 15 16
1 17 13
2 28 6
3 15 3
t 959 81
m 15 16
1 16 13
2 28 5
3 15 4
t 958 81
m 15 17
1 16 12
2 28 4
3 15 3
t 957 81
m 15 16
1 16 11
2 28 3
3 15 2
t 956 81
m 15 17
1 16 10
2 28 4
3 15 3
t 955 81
m 14 17
1 16 11
2 28 5
3 15 4
t 954 81
m 14 17
1 16 10
2 28 6
3 15 3
t 953 81
m 15 17
1 16 9
2 27 6
3 15 2
t 952 81
m 15 16
1 16 8
2 26 6
3 15 1
t 951 81
m 15 15
1 16 9
2 27 6
3 14 1
t 950 81
m 14 15
1 16 10
2 27 7
3 15 1
t 949 81
m 14 16
1 16 9
2 26 7
3 16 1
t 948 81
m 15 16
1 16 8
2 26 6
3 17 1
t 947 81
m 15 16
1 15 8
2 26 5
3 17 2
t 946 81
m 15 16
1 14 8
2 26 4
3 17 3
t 945 81
m 15 16
1 14 7
2 26 5
3 17 4
t 944 81
m 15 16
1 14 8
2 26 6
3 17 5
t 943 81
m 15 16
1 14 7
2 26 7
3 18 5
t 942 81
m 15 17
1 14 8
2 26 8
3 19 5
t 941 81
m 15 16
1 14 7
2 27 8
3 19 6
t 940 81
m 16 16
1 13 7
2 26 8
3 19 5
t 939 81
m 15 16
1 14 7
2 26 7
3 20 5
t 938 81
m 15 16
1 14 8
2 26 6
3 21 5
t 937 81
m 14 16
1 13 8
2 26 7
3 22 5
t 936 81
m 15 16
1 12 8
2 26 6
3 21 5
t 935 81
m 15 17
1 13 8
2 26 5
3 22 5
f 9 3
t 934 81
m 14 17
1 13 7
2 26 4
3 21 5
t 933 81
m 14 16
1 13 8
2 26 5
3 22 5
t 932 81
m 13 16
1 12 8
2 26 4
3 23 5
t 931 81
m 12 16
1 13 8
2 26 5
3 23 4
t 930 81
m 12 16
1 12 8
2 26 4
3 23 3
t 929 81
m 11 16
1 13 8
2 26 5
3 23 4
t 928 81
m 11 15
1 14 8
2 26 6
3 23 3
t 927 81
m 10 15
1 14 7
2 27 6
3 23 4
t 926 81
m 11 15
1 14 8
2 26 6
3 23 3
t 925 81
m 10 15
1 15 8
2 26 7
3 23 2
t 924 81
m 10 15
1 15 7
2 25 7
3 23 3
t 923 81
m 10 16
1 15 8
2 26 7
3 23 4
t 922 81
m 10 16
1 14 8
2 25 7
3 23 5
t 921 81
m 9 16
1 15 8
2 24 7
3 22 5
t 920 81
m 9 16
1 14 8
2 24 8
3 23 5
t 919 81
m 9 16
1 13 8
2 24 7
3 23 4
t 918 81
m 8 16
1 12 8
2 24 8
3 23 5
t 917 81
m 9 16
1 12 7
2 24 9
3 22 5
t 916 81
m 9 16
1 11 7
2 23 9
3 21 5
t 915 81
m 9 16
1 10 7
2 22 9
3 22 5
t 914 81
m 9 16
1 11 7
2 23 9
3 21 5
t 913 81
m 9 16
1 10 7
2 22 9
3 20 5
t 912 81
m 9 16
1 9 7
2 22 10
3 21 5
t 911 81
m 9 16
1 9 8
2 22 11
3 22 5
t 910 81
m 9 16
1 9 7
2 23 11
3 23 5
t 909 81
m 9 16
1 10 7
2 23 10
3 22 5
t 908 81
m 9 16
1 10 6
2 23 11
3 21 5
t 907 81
m 9 16
1 10 5
2 24 11
3 20 5
t 906 81
m 9 16
1 11 5
2 23 11
3 21 5
t 905 81
m 9 16
1 10 5
2 23 10
3 22 5
t 904 81
m 9 16
1 10 6
2 23 9
3 21 5
t 903 81
m 9 16
1 10 7
2 23 8
3 22 5
t 902 81
m 9 17
1 10 6
2 23 7
3 21 5
t 901 81
m 9 16
1 10 5
2 23 8
3 20 5
t 900 81
m 9 16
1 10 4
2 23 9
3 20 4
t 899 81
m 9 17
1 11 4
2 24 9
3 20 3
t 898 81
m 9 16
1 10 4
2 24 10
3 20 4
t 897 81
m 9 16
1 9 4
2 24 9
3 20 3
t 896 81
m 9 16
1 8 4
2 25 9
3 20 2
t 895 81
m 8 16
1 9 4
2 26 9
3 20 1
t 894 81
m 8 15
1 8 4
2 26 10
3 19 1
t 893 82
m 8 14
1 7 4
2 26 11
3 18 1
t 892 83
m 8 13
1 7 3
2 26 12
3 17 1
t 891 83
m 8 12
1 6 3
2 26 11
3 16 1
t 890 83
m 9 12
1 5 3
2 25 11
3 17 1
t 889 84
m 9 11
1 5 2
2 25 10
3 16 1
t 888 84
m 9 10
1 4 2
2 24 10
3 15 1
t 887 84
m 9 10
1 4 1
2 24 11
3 16 1
t 886 84
m 9 9
1 4 2
2 24 12
3 15 1
t 885 84
m 9 8
1 4 3
2 24 13
3 16 1
t 884 84
m 9 8
1 4 4
2 24 12
3 15 1
t 883 84
m 9 7
1 3 4
2 24 11
3 14 1
t 882 84
m 9 7
1 2 4
2 25 11
3 13 1
t 881 84
m 9 6
1 3 4
2 25 12
3 12 1
t 880 84
m 9 5
1 2 4
2 25 13
3 13 1
t 879 84
m 9 5
1 3 4
2 25 14
3 13 0
t 878 84
m 10 5
1 3 5
2 24 14
3 13 1
t 877 85
m 10 4
1 4 5
2 25 14
3 14 1
t 876 85
m 9 4
1 4 6
2 25 13
3 15 1
t 875 86
m 9 3
1 5 6
2 24 13
3 15 2
t 874 96
m 9 3
1 4 6
2 25 13
3 15 1
t 873 96
m 9 4
1 4 5
2 25 14
3 16 1
f 22 1
t 872 96
m 10 4
1 3 5
2 25 15
3 17 1
t 871 96
m 10 3
1 2 5
2 25 16
3 16 1
t 870 96
m 10 2
1 3 5
2 25 15
3 15 1
t 869 96
m 11 2
1 3 4
2 25 16
3 15 2
t 868 97
m 12 2
1 4 4
2 26 16
3 15 1
t 867 98
m 12 1
1 4 3
2 27 16
3 15 2
t 866 99
m 13 1
1 4 2
2 27 15
3 15 1
t 865 99
m 13 2
1 4 1
2 28 15
3 14 1
t 864 100
m 12 2
1 3 1
2 28 14
3 13 1
t 863 100
m 12 2
1 3 0
2 29 14
3 14 1
t 862 100
m 12 1
1 3 1
2 29 15
3 15 1
t 861 100
m 13 1
1 3 0
2 29 16
3 16 1
t 860 100
m 13 2
1 2 0
2 29 17
3 15 1
t 859 100
m 13 2
1 3 0
2 29 18
3 15 2
t 858 100
m 13 1
1 3 1
2 28 18
3 15 1
t 857 100
m 13 2
1 3 0
2 28 19
3 14 1
t 856 100
m 13 3
1 4 0
2 28 18
3 13 1
t 855 101
m 14 3
1 5 0
2 28 17
3 12 1
t 854 101
m 15 3
1 4 0
2 29 17
3 12 0
t 853 101
m 16 3
1 3 0
2 29 16
3 11 0
t 852 101
m 16 3
1 2 0
2 29 15
3 10 0
t 851 101
m 17 3
1 1 0
2 29 14
3 11 0
t 850 101
m 17 2
1 1 1
2 29 15
3 10 0
t 849 101
m 17 2
1 1 0
2 29 14
3 9 0
t 848 101
m 17 1
1 1 1
2 29 13
3 8 0
t 847 101
m 18 1
1 1 0
2 29 14
3 9 0
t 846 101
m 19 1
1 2 0
2 29 13
3 8 0
t 845 102
m 20 1
1 1 0
2 29 14
3 7 0
t 844 102
m 21 1
1 1 1
2 28 14
3 6 0
t 843 103
m 22 1
1 1 0
2 28 15
3 5 0
t 842 113
m 22 1
1 1 1
2 28 16
3 4 0
t 841 113
m 23 1
1 1 2
2 27 16
3 5 0
t 840 113
m 22 1
1 1 3
2 27 15
3 4 0
t 839 113
m 22 1
1 1 4
2 28 15
3 5 0
t 838 113
m 23 1
1 1 3
2 28 16
3 4 0
t 837 113
m 22 1
1 1 4
2 28 15
3 4 1
t 836 113
m 22 1
1 2 4
2 28 14
3 4 2
t 835 113
m 23 1
1 1 4
2 28 13
3 4 1
t 834 113
m 23 1
1 0 4
2 29 13
3 4 0
f 16 15
t 833 113
m 22 1
1 0 5
2 29 12
3 3 0
t 832 113
m 21 1
1 0 6
2 29 13
3 3 1
t 831 113
m 20 1
1 0 7
2 28 13
3 2 1
t 830 113
m 19 1
1 0 8
2 28 12
3 3 1
t 829 113
m 18 1
1 0 9
2 27 12
3 4 1
t 828 113
m 18 2
1 0 8
2 26 12
3 4 2
t 827 114
m 18 3
1 0 9
2 25 12
3 4 1
t 826 114
m 18 4
1 0 10
2 25 13
3 4 2
t 825 115
m 18 5
1 0 11
2 25 12
3 4 3
t 824 115
m 17 5
1 0 12
2 24 12
3 3 3
t 823 115
m 17 5
1 0 11
2 25 12
3 3 4
t 822 115
m 17 5
1 0 12
2 24 12
3 4 4
t 821 115
m 17 5
1 0 13
2 24 13
3 4 5
t 820 115
m 18 5
1 1 13
2 24 14
3 4 6
t 819 115
m 17 5
1 1 12
2 25 14
3 4 7
t 818 115
m 17 5
1 0 12
2 25 13
3 4 8
t 817 115
m 17 4
1 0 11
2 24 13
3 4 9
t 816 115
m 17 5
1 0 10
2 24 12
3 4 10
t 815 115
m 17 5
1 0 9
2 25 12
3 4 9
t 814 115
m 17 5
1 0 10
2 24 12
3 4 10
t 813 115
m 17 5
1 0 9
2 24 13
3 3 10
t 812 115
m 17 5
1 0 8
2 24 12
3 2 10
t 811 115
m 17 5
1 0 9
2 24 13
3 2 11
t 810 115
m 17 5
1 0 10
2 25 13
3 2 10
t 809 115
m 17 5
1 0 11
2 25 12
3 2 9
t 808 115
m 17 5
1 0 10
2 26 12
3 2 8
t 807 115
m 18 5
1 0 11
2 25 12
3 2 9
t 806 115
m 18 6
1 0 10
2 25 13
3 2 8
t 805 115
m 18 6
1 0 9
2 25 14
3 2 9
t 804 115
m 18 7
1 0 8
2 25 13
3 2 10
t 803 115
m 18 8
1 0 7
2 24 13
3 3 10
t 802 116
m 17 8
1 0 8
2 24 12
3 4 10
t 801 116
m 17 9
1 0 7
2 24 13
3 5 10
t 800 117
m 16 9
1 0 6
2 24 14
3 5 11
t 799 117
m 16 10
1 0 5
2 24 13
3 5 10
t 798 117
m 16 10
1 0 6
2 24 12
3 5 11
t 797 117
m 16 10
1 0 5
2 24 11
3 5 10
t 796 117
m 16 10
1 1 5
2 24 12
3 6 10
t 795 117
m 16 11
1 2 5
2 25 12
3 6 9
t 794 117
m 16 11
1 2 4
2 26 12
3 6 10
t 793 117
m 16 12
1 1 4
2 25 12
3 5 10
t 792 117
m 16 12
1 1 5
2 25 11
3 5 9
t 791 117
m 16 13
1 2 5
2 24 11
3 6 9
t 790 117
m 16 14
1 2 4
2 24 12
3 5 9
t 789 117
m 16 15
1 3 4
2 24 13
3 5 10
t 788 127
m 16 15
1 4 4
2 25 13
3 5 9
t 787 127
m 16 15
1 4 5
2 25 14
3 5 8
t 786 127
m 15 15
1 4 6
2 25 13
3 4 8
t 785 127
m 16 15
1 3 6
2 25 12
3 4 7
f 0 17
t 784 127
m 16 16
1 3 5
2 24 12
3 5 7
t 783 127
m 15 16
1 3 4
2 24 13
3 5 8
t 782 127
m 14 16
1 2 4
2 24 14
3 5 7
t 781 127
m 14 16
1 2 3
2 25 14
3 5 8
t 780 127
m 13 16
1 3 3
2 25 15
3 4 8
t 779 127
m 12 16
1 2 3
2 25 14
3 4 9
t 778 127
m 12 17
1 2 2
2 25 13
3 4 10
t 777 128
m 11 17
1 2 3
2 24 13
3 5 10
t 776 128
m 10 17
1 1 3
2 25 13
3 5 9
t 775 128
m 9 17
1 2 3
2 24 13
3 5 10
t 774 128
m 8 17
1 2 4
2 24 12
3 5 9
t 773 128
m 7 17
1 2 3
2 25 12
3 5 10
t 772 128
m 7 17
1 1 3
2 24 12
3 4 10
t 771 128
m 7 18
1 1 2
2 24 11
3 4 9
t 770 128
m 7 18
1 2 2
2 24 12
3 4 8
t 769 128
m 6 18
1 2 3
2 24 11
3 4 7
t 768 128
m 5 18
1 2 2
2 25 11
3 5 7
t 767 128
m 5 17
1 1 2
2 25 12
3 5 6
t 766 128
m 4 17
1 1 1
2 26 12
3 6 6
t 765 128
m 3 17
1 1 0
2 25 12
3 6 5
t 764 129
m 3 17
1 2 0
2 26 12
3 6 6
t 763 129
m 3 17
1 3 0
2 25 12
3 5 6
t 762 129
m 3 17
1 3 1
2 24 12
3 6 6
t 761 129
m 3 17
1 2 1
2 24 13
3 5 6
t 760 129
m 3 17
1 3 1
2 24 14
3 5 7
t 759 129
m 3 17
1 2 1
2 24 13
3 5 6
t 758 129
m 3 17
1 1 1
2 25 13
3 4 6
t 757 129
m 3 17
1 1 2
2 24 13
3 4 5
t 756 129
m 3 17
1 2 2
2 25 13
3 4 6
t 755 129
m 3 17
1 2 3
2 25 14
3 4 7
t 754 129
m 3 17
1 3 3
2 24 14
3 4 6
t 753 129
m 4 17
1 3 4
2 25 14
3 5 6
t 752 129
m 3 17
1 4 4
2 24 14
3 5 7
t 751 129
m 3 18
1 3 4
2 24 13
3 4 7
t 750 129
m 3 17
1 3 3
2 24 14
3 4 8
t 749 129
m 3 18
1 4 3
2 25 14
3 4 9
t 748 129
m 3 18
1 4 4
2 24 14
3 4 8
t 747 129
m 3 17
1 5 4
2 24 13
3 4 7
t 746 129
m 3 17
1 5 3
2 25 13
3 4 8
t 745 129
m 4 17
1 5 4
2 24 13
3 4 7
t 744 129
m 3 17
1 5 3
2 25 13
3 4 6
t 743 129
m 3 17
1 5 4
2 25 14
3 4 5
t 742 129
m 3 17
1 5 3
2 25 15
3 5 5
t 741 129
m 3 18
1 5 4
2 25 14
3 5 4
t 740 129
m 3 17
1 5 3
2 24 14
3 6 4
t 739 129
m 3 18
1 5 4
2 25 14
3 6 5
t 738 129
m 3 18
1 6 4
2 24 14
3 6 4
t 737 129
m 3 18
1 7 4
2 24 13
3 7 4
t 736 129
m 3 17
1 7 3
2 24 12
3 7 5
t 735 129
m 3 17
1 7 2
2 25 12
3 7 6
t 734 129
m 3 17
1 7 1
2 25 13
3 6 6
t 733 129
m 3 17
1 6 1
2 24 13
3 7 6
t 732 129
m 4 17
1 7 1
2 24 12
3 6 6
t 731 129
m 4 17
1 7 0
2 24 13
3 7 6
t 730 129
m 3 17
1 8 0
2 25 13
3 7 5
t 729 129
m 3 16
1 7 0
2 24 13
3 7 6
t 728 130
m 2 16
1 6 0
2 24 12
3 8 6
t 727 130
m 1 16
1 5 0
2 24 11
3 8 5
t 726 131
m 0 16
1 4 0
2 25 11
3 7 5
t 725 131
m 0 17
1 4 1
2 25 10
3 7 6
t 724 141
m 0 16
1 4 2
2 25 11
3 7 5
t 723 141
m 0 17
1 5 2
2 26 11
3 7 4
t 722 141
m 0 16
1 4 2
2 26 12
3 7 5
t 721 141
m 0 17
1 4 3
2 27 12
3 7 6
t 720 141
m 0 17
1 5 3
2 26 12
3 6 6
f 16 18
t 719 141
m 0 18
1 6 3
2 26 11
3 7 6
t 718 141
m 0 17
1 6 4
2 26 12
3 6 6
t 717 141
m 0 18
1 6 5
2 26 11
3 7 6
t 716 141
m 0 18
1 6 4
2 25 11
3 8 6
t 715 141
m 0 18
1 5 4
2 26 11
3 8 5
t 714 141
m 0 18
1 6 4
2 26 12
3 9 5
t 713 141
m 0 17
1 6 3
2 25 12
3 10 5
t 712 141
m 0 18
1 7 3
2 25 11
3 10 4
t 711 141
m 0 17
1 6 3
2 25 12
3 11 4
t 710 141
m 0 18
1 7 3
2 26 12
3 11 3
t 709 141
m 0 18
1 6 3
2 25 12
3 11 2
t 708 141
m 0 18
1 6 2
2 25 13
3 10 2
t 707 141
m 0 18
1 6 3
2 25 12
3 9 2
t 706 141
m 0 17
1 6 2
2 25 13
3 10 2
t 705 141
m 0 18
1 6 3
2 25 14
3 10 3
t 704 141
m 0 17
1 6 4
2 25 13
3 10 4
t 703 141
m 0 18
1 5 4
2 24 13
3 9 4
t 702 141
m 0 18
1 4 4
2 24 14
3 8 4
t 701 141
m 0 18
1 4 5
2 24 15
3 8 3
t 700 141
m 0 18
1 4 4
2 25 15
3 9 3
t 699 141
m 0 18
1 5 4
2 25 16
3 10 3
t 698 141
m 0 19
1 6 4
2 25 15
3 11 3
t 697 141
m 1 19
1 5 4
2 24 15
3 10 3
t 696 141
m 2 19
1 6 4
2 25 15
3 9 3
t 695 141
m 3 19
1 6 3
2 25 16
3 9 4
t 694 141
m 2 19
1 6 4
2 24 16
3 10 4
t 693 141
m 1 19
1 6 5
2 25 16
3 10 3
t 692 141
m 2 19
1 6 4
2 25 15
3 10 2
t 691 141
m 3 19
1 6 3
2 26 15
3 11 2
t 690 141
m 4 19
1 6 4
2 26 16
3 10 2
t 689 141
m 4 18
1 6 5
2 27 16
3 10 3
t 688 141
m 4 18
1 5 5
2 26 16
3 10 4
t 687 141
m 5 18
1 5 6
2 26 15
3 11 4
t 686 141
m 6 18
1 6 6
2 27 15
3 11 3
t 685 141
m 7 18
1 5 6
2 28 15
3 11 4
t 684 141
m 8 18
1 6 6
2 29 15
3 11 3
t 683 141
m 9 18
1 5 6
2 29 14
3 10 3
t 682 141
m 10 18
1 6 6
2 29 13
3 9 3
t 681 141
m 11 18
1 6 5
2 29 14
3 8 3
t 680 141
m 12 18
1 7 5
2 28 14
3 8 4
t 679 141
m 13 18
1 6 5
2 29 14
3 7 4
t 678 141
m 14 18
1 7 5
2 28 14
3 8 4
t 677 141
m 15 18
1 8 5
2 29 14
3 8 5
t 676 141
m 16 18
1 8 6
2 29 15
3 8 6
t 675 151
m 16 18
1 8 5
2 29 16
3 8 5
t 674 151
m 17 18
1 8 4
2 29 15
3 8 4
t 673 151
m 16 18
1 7 4
2 28 15
3 9 4
t 672 151
m 16 18
1 8 4
2 29 15
3 10 4
t 671 151
m 16 18
1 8 5
2 29 16
3 11 4
f 23 7
t 670 151
m 17 18
1 9 5
2 29 15
3 10 4
t 669 151
m 18 18
1 9 6
2 28 15
3 10 5
t 668 151
m 19 18
1 10 6
2 28 16
3 9 5
t 667 151
m 19 18
1 10 7
2 27 16
3 8 5
t 666 151
m 19 18
1 9 7
2 28 16
3 9 5
t 665 151
m 19 17
1 9 6
2 28 17
3 8 5
t 664 151
m 19 16
1 9 5
2 28 18
3 7 5
t 663 151
m 20 16
1 8 5
2 29 18
3 7 4
t 662 151
m 20 15
1 9 5
2 29 19
3 7 3
t 661 151
m 21 15
1 9 4
2 29 18
3 7 2
t 660 151
m 22 15
1 10 4
2 29 17
3 6 2
t 659 151
m 23 15
1 10 5
2 28 17
3 5 2
t 658 151
m 22 15
1 10 4
2 29 17
3 5 3
t 657 151
m 22 15
1 9 4
2 29 16
3 5 4
t 656 151
m 23 15
1 10 4
2 29 15
3 4 4
t 655 151
m 23 15
1 10 3
2 29 14
3 3 4
t 654 151
m 23 16
1 11 3
2 28 14
3 2 4
t 653 151
m 23 16
1 10 3
2 28 15
3 3 4
t 652 151
m 23 15
1 10 4
2 27 15
3 4 4
t 651 151
m 23 15
1 9 4
2 28 15
3 4 5
t 650 151
m 23 15
1 9 3
2 27 15
3 4 6
t 649 151
m 22 15
1 9 4
2 26 15
3 4 5
t 648 151
m 22 14
1 8 4
2 27 15
3 3 5
t 647 152
m 22 13
1 7 4
2 27 16
3 3 4
t 646 152
m 22 12
1 7 5
2 26 16
3 3 5
t 645 153
m 22 11
1 8 5
2 25 16
3 2 5
t 644 154
m 22 10
1 8 6
2 25 15
3 1 5
t 643 154
m 22 9
1 9 6
2 25 16
3 1 6
t 642 155
m 23 9
1 10 6
2 26 16
3 2 6
t 641 155
m 23 9
1 10 7
2 27 16
3 1 6
t 640 155
m 23 8
1 11 7
2 28 16
3 0 6
t 639 155
m 23 7
1 10 7
2 28 17
3 0 7
t 638 165
m 23 7
1 10 6
2 28 16
3 0 8
t 637 165
m 23 7
1 10 5
2 28 15
3 0 9
t 636 165
m 23 7
1 10 6
2 29 15
3 0 10
t 635 165
m 23 7
1 10 5
2 29 16
3 0 9
f 15 11
t 634 165
m 23 8
1 9 5
2 29 15
3 0 8
t 633 165
m 23 9
1 9 6
2 29 14
3 0 9
t 632 165
m 22 9
1 9 5
2 29 13
3 0 8
t 631 165
m 22 10
1 8 5
2 28 13
3 0 7
t 630 165
m 22 11
1 8 4
2 29 13
3 0 8
t 629 165
m 21 11
1 8 5
2 29 14
3 0 7
t 628 165
m 20 11
1 8 4
2 28 14
3 0 6
t 627 165
m 19 11
1 8 3
2 29 14
3 1 6
t 626 165
m 18 11
1 9 3
2 29 15
3 2 6
t 625 165
m 17 11
1 10 3
2 28 15
3 2 5
t 624 165
m 16 11
1 11 3
2 27 15
3 2 4
t 623 165
m 15 11
1 11 2
2 28 15
3 1 4
t 622 175
m 15 11
1 11 3
2 28 14
3 1 5
t 621 175
m 15 11
1 12 3
2 29 14
3 1 6
t 620 175
m 15 11
1 11 3
2 29 13
3 1 5
t 619 175
m 15 11
1 12 3
2 29 14
3 2 5
t 618 175
m 14 11
1 12 2
2 29 15
3 1 5
t 617 175
m 14 10
1 13 2
2 29 16
3 0 5
t 616 175
m 14 11
1 13 1
2 29 17
3 1 5
f 5 11
t 615 175
m 14 11
1 12 1
2 29 16
3 0 5
t 614 175
m 13 11
1 13 1
2 28 16
3 0 6
t 613 176
m 12 11
1 14 1
2 28 15
3 0 7
t 612 176
m 12 11
1 15 1
2 27 15
3 0 8
t 611 176
m 12 11
1 15 2
2 27 16
3 0 9
t 610 176
m 11 11
1 15 1
2 28 16
3 0 10
t 609 177
m 10 11
1 16 1
2 27 16
3 0 11
t 608 177
m 9 11
1 15 1
2 28 16
3 0 12
t 607 177
m 8 11
1 15 2
2 29 16
3 0 11
t 606 177
m 7 11
1 15 3
2 28 16
3 0 10
t 605 178
m 6 11
1 15 2
2 28 15
3 0 9
t 604 178
m 5 11
1 15 1
2 28 14
3 0 8
t 603 188
m 5 11
1 16 1
2 28 13
3 0 9
t 602 188
m 5 11
1 15 1
2 29 13
3 0 8
t 601 188
m 5 11
1 15 2
2 28 13
3 0 7
t 600 188
m 5 11
1 15 3
2 29 13
3 0 6
t 599 188
m 5 11
1 16 3
2 29 14
3 1 6
t 598 188
m 6 11
1 15 3
2 29 15
3 2 6
t 597 188
m 5 11
1 14 3
2 29 16
3 2 5
t 596 188
m 6 11
1 15 3
2 29 15
3 1 5
t 595 188
m 5 11
1 15 4
2 29 14
3 1 4
f 8 0
t 594 188
m 5 10
1 15 5
2 29 13
3 1 5
t 593 188
m 5 9
1 15 6
2 28 13
3 2 5
t 592 188
m 5 8
1 15 5
2 28 14
3 2 4
t 591 189
m 6 8
1 15 6
2 28 13
3 1 4
t 590 190
m 5 8
1 15 7
2 29 13
3 0 4
t 589 190
m 5 7
1 15 8
2 28 13
3 0 5
t 588 190
m 5 6
1 15 9
2 28 12
3 0 6
t 587 191
m 5 5
1 15 8
2 29 12
3 0 7
t 586 191
m 5 4
1 15 7
2 29 13
3 0 6
t 585 192
m 5 3
1 14 7
2 28 13
3 0 7
t 584 192
m 6 3
1 14 8
2 28 14
3 0 8
t 583 193
m 7 3
1 14 7
2 28 15
3 0 9
t 582 193
m 8 3
1 15 7
2 28 16
3 0 10
t 581 193
m 7 3
1 15 6
2 29 16
3 0 9
t 580 193
m 7 2
1 16 6
2 28 16
3 0 8
t 579 194
m 7 1
1 15 6
2 28 15
3 0 7
t 578 194
m 7 0
1 15 7
2 28 14
3 0 6
t 577 194
m 8 0
1 14 7
2 29 14
3 0 7
t 576 204
m 8 0
1 13 7
2 29 13
3 0 8
t 575 204
m 8 0
1 14 7
2 29 12
3 0 7
t 574 204
m 8 0
1 14 8
2 29 13
3 0 8
t 573 204
m 7 0
1 14 7
2 28 13
3 0 9
t 572 204
m 7 0
1 13 7
2 28 14
3 0 10
t 571 204
m 8 0
1 13 8
2 28 13
3 0 9
t 570 204
m 8 0
1 13 7
2 29 13
3 0 10
t 569 204
m 8 0
1 14 7
2 28 13
3 0 11
t 568 204
m 7 0
1 15 7
2 28 14
3 0 12
t 567 204
m 8 0
1 16 7
2 29 14
3 0 11
t 566 204
m 8 0
1 15 7
2 28 14
3 0 10
t 565 204
m 8 0
1 15 6
2 28 13
3 0 11
t 564 204
m 9 0
1 15 7
2 28 12
3 0 12
t 563 204
m 8 0
1 15 6
2 29 12
3 0 13
t 562 204
m 8 0
1 15 5
2 28 12
3 1 13
f 10 0
t 561 204
m 9 0
1 15 6
2 29 12
3 1 12
t 560 204
m 10 0
1 16 6
2 28 12
3 2 12
t 559 214
m 10 0
1 15 6
2 29 12
3 2 13
t 558 214
m 10 0
1 16 6
2 28 12
3 1 13
t 557 214
m 9 0
1 16 7
2 29 12
3 0 13
t 556 214
m 10 0
1 15 7
2 28 12
3 0 12
t 555 214
m 10 0
1 15 8
2 28 13
3 0 11
t 554 214
m 10 0
1 16 8
2 28 14
3 0 12
t 553 214
m 11 0
1 16 9
2 28 15
3 1 12
t 552 214
m 10 0
1 16 10
2 28 14
3 1 13
t 551 214
m 10 0
1 16 9
2 28 13
3 0 13
t 550 214
m 9 0
1 15 9
2 28 12
3 1 13
t 549 214
m 10 0
1 15 10
2 27 12
3 1 12
t 548 214
m 10 0
1 14 10
2 26 12
3 1 13
t 547 214
m 10 0
1 13 10
2 25 12
3 2 13
t 546 214
m 10 0
1 12 10
2 26 12
3 1 13
t 545 214
m 10 0
1 13 10
2 26 11
3 1 12
f 11 4
t 544 214
m 11 0
1 13 11
2 26 12
3 0 12
t 543 214
m 12 0
1 13 12
2 27 12
3 0 13
t 542 214
m 12 1
1 14 12
2 26 12
3 1 13
t 541 214
m 12 1
1 15 12
2 27 12
3 2 13
t 540 214
m 12 2
1 16 12
2 26 12
3 1 13
t 539 214
m 11 2
1 16 11
2 27 12
3 2 13
t 538 214
m 11 3
1 16 12
2 26 12
3 2 12
t 537 215
m 11 4
1 15 12
2 27 12
3 1 12
t 536 225
m 11 4
1 15 11
2 26 12
3 0 12
t 535 225
m 11 4
1 16 11
2 27 12
3 0 11
t 534 225
m 11 4
1 16 12
2 26 12
3 0 12
t 533 225
m 11 4
1 15 12
2 27 12
3 1 12
t 532 225
m 11 4
1 16 12
2 28 12
3 1 13
t 531 225
m 11 4
1 15 12
2 28 13
3 1 12
t 530 225
m 11 3
1 15 11
2 28 12
3 1 13
t 529 225
m 11 4
1 15 12
2 29 12
3 0 13
t 528 225
m 11 4
1 14 12
2 29 13
3 1 13
f 14 10
t 527 225
m 11 4
1 14 11
2 28 13
3 2 13
t 526 225
m 11 5
1 14 10
2 28 14
3 1 13
t 525 225
m 11 5
1 15 10
2 28 13
3 1 12
t 524 225
m 11 4
1 15 11
2 28 14
3 2 12
t 523 225
m 11 5
1 16 11
2 28 13
3 2 13
t 522 225
m 11 5
1 16 12
2 28 14
3 2 12
t 521 225
m 11 5
1 15 12
2 28 15
3 1 12
t 520 225
m 10 5
1 14 12
2 28 14
3 2 12
t 519 225
m 10 6
1 13 12
2 28 15
3 1 12
t 518 225
m 10 7
1 12 12
2 27 15
3 0 12
t 517 225
m 11 7
1 12 11
2 27 16
3 1 12
t 516 226
m 12 7
1 13 11
2 26 16
3 0 12
t 515 226
m 13 7
1 12 11
2 26 15
3 0 13
t 514 227
m 13 7
1 11 11
2 27 15
3 1 13
t 513 227
m 14 7
1 12 11
2 27 16
3 2 13
t 512 228
m 14 8
1 12 12
2 27 15
3 1 13
t 511 229
m 14 7
1 13 12
2 27 16
3 0 13
t 510 229
m 14 7
1 12 12
2 27 15
3 1 13
t 509 229
m 14 8
1 11 12
2 26 15
3 1 12
t 508 229
m 14 7
1 12 12
2 26 16
3 1 13
t 507 229
m 14 8
1 13 12
2 25 16
3 2 13
t 506 229
m 14 7
1 13 13
2 25 15
3 1 13
t 505 229
m 14 8
1 13 12
2 26 15
3 0 13
t 504 229
m 14 8
1 12 12
2 27 15
3 1 13
t 503 229
m 14 8
1 13 12
2 27 16
3 1 12
t 502 229
m 14 8
1 14 12
2 28 16
3 1 13
t 501 229
m 15 8
1 13 12
2 28 15
3 0 13
t 500 229
m 14 8
1 14 12
2 27 15
3 1 13
t 499 229
m 14 8
1 14 11
2 28 15
3 0 13
t 498 229
m 15 8
1 14 12
2 27 15
3 0 12
t 497 229
m 14 8
1 13 12
2 27 16
3 0 13
t 496 229
m 15 8
1 14 12
2 26 16
3 0 12
t 495 229
m 14 8
1 15 12
2 26 15
3 0 13
t 494 229
m 14 8
1 16 12
2 26 16
3 0 12
t 493 229
m 14 8
1 17 12
2 26 15
3 0 13
t 492 229
m 14 8
1 16 12
2 26 16
3 0 12
t 491 229
m 13 8
1 17 12
2 27 16
3 1 12
t 490 229
m 13 8
1 17 13
2 26 16
3 1 13
t 489 229
m 14 8
1 16 13
2 27 16
3 1 12
t 488 229
m 13 8
1 16 14
2 28 16
3 0 12
t 487 229
m 14 8
1 16 15
2 28 17
3 1 12
t 486 229
m 14 7
1 17 15
2 29 17
3 0 12
t 485 229
m 14 8
1 16 15
2 28 17
3 0 13
t 484 229
m 13 8
1 16 16
2 28 18
3 0 12
t 483 229
m 14 8
1 17 16
2 29 18
3 0 11
t 482 229
m 14 8
1 17 15
2 28 18
3 0 12
t 481 229
m 13 8
1 16 15
2 28 17
3 0 11
t 480 229
m 14 8
1 17 15
2 29 17
3 0 10
t 479 229
m 14 8
1 17 16
2 29 16
3 0 9
t 478 229
m 14 8
1 17 15
2 29 17
3 0 8
t 477 229
m 14 8
1 17 16
2 29 18
3 0 9
t 476 229
m 15 8
1 16 16
2 28 18
3 0 8
t 475 229
m 15 9
1 16 15
2 28 17
3 0 7
t 474 229
m 15 10
1 16 14
2 28 16
3 0 8
t 473 230
m 14 10
1 16 13
2 28 15
3 0 7
t 472 240
m 14 10
1 17 13
2 29 15
3 0 8
t 471 240
m 13 10
1 17 12
2 28 15
3 0 7
f 20 14
t 470 240
m 13 10
1 16 12
2 27 15
3 0 6
t 469 240
m 14 10
1 16 11
2 26 15
3 0 7
t 468 240
m 15 10
1 15 11
2 26 16
3 0 8
t 467 240
m 16 10
1 15 12
2 26 15
3 0 9
t 466 240
m 16 9
1 15 11
2 27 15
3 0 10
t 465 240
m 17 9
1 15 10
2 28 15
3 0 9
t 464 240
m 18 9
1 15 9
2 29 15
3 0 8
t 463 241
m 19 9
1 15 10
2 29 14
3 0 7
t 462 241
m 20 9
1 15 11
2 28 14
3 0 8
t 461 241
m 20 10
1 16 11
2 28 15
3 0 9
t 460 241
m 20 10
1 17 11
2 28 16
3 0 10
t 459 241
m 20 11
1 17 10
2 28 15
3 0 11
t 458 241
m 20 11
1 16 10
2 27 15
3 0 12
t 457 241
m 20 11
1 15 10
2 26 15
3 0 11
t 456 241
m 20 11
1 15 11
2 26 16
3 0 10
t 455 241
m 20 11
1 15 10
2 25 16
3 0 11
t 454 241
m 20 11
1 16 10
2 24 16
3 0 12
t 453 241
m 20 11
1 16 11
2 24 15
3 1 12
t 452 241
m 20 10
1 17 11
2 25 15
3 2 12
t 451 241
m 20 11
1 17 12
2 25 16
3 2 11
t 450 241
m 20 10
1 16 12
2 25 15
3 2 10
t 449 241
m 20 11
1 17 12
2 24 15
3 2 9
t 448 241
m 21 11
1 17 13
2 25 15
3 2 10
t 447 241
m 20 11
1 16 13
2 24 15
3 2 11
t 446 241
m 21 11
1 17 13
2 24 14
3 2 12
t 445 241
m 20 11
1 17 12
2 25 14
3 2 11
t 444 241
m 20 11
1 17 13
2 25 15
3 2 10
t 443 241
m 20 11
1 18 13
2 25 14
3 2 11
t 442 241
m 20 11
1 18 12
2 25 13
3 2 12
t 441 241
m 20 11
1 18 11
2 24 13
3 1 12
t 440 241
m 20 11
1 18 10
2 24 12
3 1 13
t 439 241
m 20 11
1 18 11
2 24 13
3 0 13
t 438 241
m 20 10
1 19 11
2 24 14
3 0 12
t 437 241
m 20 10
1 18 11
2 24 13
3 1 12
t 436 241
m 20 11
1 19 11
2 24 12
3 1 13
t 435 241
m 21 11
1 19 12
2 24 11
3 1 12
t 434 241
m 20 11
1 19 11
2 24 10
3 0 12
t 433 241
m 20 10
1 19 12
2 23 10
3 0 13
t 432 241
m 20 11
1 19 11
2 23 9
3 0 12
t 431 241
m 21 11
1 19 12
2 24 9
3 0 11
t 430 241
m 20 11
1 19 11
2 23 9
3 0 12
t 429 241
m 20 10
1 18 11
2 23 8
3 0 11
t 428 241
m 20 11
1 19 11
2 24 8
3 0 10
t 427 241
m 21 11
1 20 11
2 24 9
3 0 9
t 426 241
m 22 11
1 20 10
2 25 9
3 0 10
t 425 241
m 22 12
1 20 9
2 26 9
3 0 9
t 424 241
m 22 13
1 19 9
2 26 10
3 0 8
t 423 241
m 22 14
1 18 9
2 27 10
3 0 9
t 422 241
m 22 14
1 18 8
2 27 9
3 0 10
t 421 241
m 22 14
1 19 8
2 26 9
3 0 11
t 420 241
m 22 13
1 19 9
2 25 9
3 0 12
t 419 241
m 22 14
1 20 9
2 25 10
3 0 13
t 418 241
m 22 14
1 20 10
2 26 10
3 1 13
t 417 241
m 22 15
1 20 9
2 26 9
3 0 13
t 416 241
m 22 14
1 20 10
2 26 10
3 1 13
t 415 241
m 22 14
1 20 11
2 25 10
3 2 13
t 414 241
m 22 14
1 19 11
2 24 10
3 1 13
t 413 241
m 22 14
1 18 11
2 24 11
3 0 13
t 412 241
m 22 14
1 19 11
2 25 11
3 0 12
t 411 241
m 22 15
1 18 11
2 25 10
3 0 11
t 410 241
m 21 15
1 18 10
2 25 11
3 0 10
t 409 241
m 20 15
1 17 10
2 26 11
3 0 11
t 408 241
m 20 14
1 16 10
2 26 12
3 0 10
t 407 251
m 20 14
1 15 10
2 27 12
3 0 9
t 406 251
m 20 14
1 15 9
2 26 12
3 0 8
t 405 251
m 20 14
1 16 9
2 27 12
3 0 9
t 404 251
m 20 14
1 16 8
2 28 12
3 0 10
t 403 251
m 20 14
1 17 8
2 29 12
3 0 11
t 402 251
m 20 14
1 17 9
2 28 12
3 0 10
t 401 251
m 20 14
1 17 10
2 27 12
3 0 9
t 400 251
m 20 14
1 17 11
2 26 12
3 0 8
t 399 251
m 20 15
1 17 12
2 25 12
3 0 9
t 398 251
m 20 14
1 18 12
2 25 11
3 0 10
t 397 251
m 20 15
1 19 12
2 25 12
3 0 11
t 396 251
m 20 14
1 19 13
2 25 11
3 0 10
t 395 251
m 20 14
1 18 13
2 25 12
3 0 9
t 394 251
m 20 15
1 19 13
2 25 13
3 0 8
t 393 251
m 20 15
1 19 12
2 24 13
3 0 9
t 392 251
m 20 15
1 18 12
2 25 13
3 0 8
t 391 251
m 20 14
1 19 12
2 24 13
3 0 9
t 390 251
m 20 14
1 18 12
2 25 13
3 0 10
t 389 251
m 20 14
1 18 13
2 25 12
3 0 11
t 388 251
m 20 14
1 19 13
2 25 13
3 0 12
t 387 251
m 20 15
1 19 12
2 25 14
3 1 12
t 386 251
m 20 15
1 19 13
2 24 14
3 2 12
t 385 251
m 21 15
1 20 13
2 25 14
3 1 12
t 384 251
m 21 15
1 20 14
2 25 15
3 1 13
t 383 251
m 21 15
1 20 15
2 24 15
3 1 12
t 382 251
m 22 15
1 20 16
2 23 15
3 0 12
t 381 251
m 21 15
1 20 17
2 22 15
3 0 11
t 380 251
m 20 15
1 19 17
2 23 15
3 0 10
t 379 251
m 20 14
1 20 17
2 24 15
3 0 11
t 378 251
m 20 15
1 19 17
2 25 15
3 0 10
t 377 251
m 20 14
1 19 16
2 25 16
3 0 9
t 376 251
m 20 14
1 20 16
2 24 16
3 0 10
t 375 251
m 20 13
1 20 17
2 23 16
3 0 11
t 374 251
m 20 14
1 21 17
2 23 15
3 0 10
t 373 251
m 20 13
1 22 17
2 23 16
3 0 9
t 372 251
m 20 14
1 21 17
2 22 16
3 0 10
t 371 251
m 20 14
1 20 17
2 23 16
3 0 11
t 370 251
m 20 14
1 19 17
2 23 15
3 0 12
t 369 251
m 20 14
1 20 17
2 22 15
3 0 11
t 368 251
m 20 14
1 20 16
2 22 16
3 0 12
t 367 251
m 20 14
1 19 16
2 22 15
3 1 12
t 366 251
m 20 14
1 19 15
2 21 15
3 0 12
t 365 251
m 20 14
1 18 15
2 22 15
3 0 13
t 364 251
m 20 14
1 17 15
2 22 14
3 0 12
t 363 251
m 20 14
1 16 15
2 22 13
3 0 11
t 362 251
m 20 14
1 15 15
2 22 14
3 0 12
t 361 251
m 20 13
1 15 16
2 22 13
3 0 13
t 360 251
m 20 14
1 16 16
2 22 14
3 1 13
t 359 251
m 20 13
1 15 16
2 22 15
3 1 12
t 358 251
m 19 13
1 15 15
2 22 14
3 1 13
t 357 251
m 20 13
1 15 16
2 22 13
3 1 12
t 356 251
m 20 14
1 14 16
2 22 12
3 0 12
t 355 251
m 20 14
1 14 17
2 22 13
3 0 13
t 354 251
m 20 14
1 14 16
2 22 12
3 0 12
t 353 251
m 20 14
1 13 16
2 22 13
3 0 13
t 352 251
m 20 14
1 13 15
2 22 12
3 0 12
t 351 251
m 20 14
1 12 15
2 22 11
3 0 13
t 350 251
m 20 15
1 12 16
2 23 11
3 1 13
t 349 251
m 20 14
1 11 16
2 23 10
3 0 13
t 348 251
m 20 14
1 11 15
2 22 10
3 1 13
f 2 3
t 347 251
m 20 13
1 11 16
2 22 11
3 2 13
t 346 251
m 19 13
1 11 17
2 21 11
3 3 13
t 345 251
m 18 13
1 11 16
2 20 11
3 2 13
t 344 251
m 17 13
1 12 16
2 19 11
3 2 12
t 343 252
m 16 13
1 11 16
2 18 11
3 1 12
t 342 252
m 16 12
1 11 15
2 18 12
3 1 13
t 341 252
m 16 11
1 12 15
2 18 13
3 2 13
t 340 252
m 16 10
1 11 15
2 19 13
3 3 13
t 339 252
m 15 10
1 11 16
2 20 13
3 3 14
t 338 252
m 15 9
1 11 15
2 19 13
3 4 14
t 337 252
m 15 8
1 10 15
2 18 13
3 5 14
t 336 252
m 15 7
1 10 16
2 17 13
3 4 14
t 335 253
m 15 6
1 11 16
2 16 13
3 3 14
t 334 253
m 15 5
1 11 17
2 16 12
3 3 13
t 333 254
m 15 5
1 12 17
2 16 13
3 3 14
t 332 254
m 15 4
1 11 17
2 16 12
3 3 13
t 331 254
m 15 3
1 12 17
2 16 13
3 2 13
t 330 254
m 14 3
1 12 16
2 16 14
3 3 13
t 329 254
m 13 3
1 11 16
2 16 13
3 4 13
t 328 254
m 13 2
1 10 16
2 16 14
3 3 13
t 327 254
m 12 2
1 11 16
2 16 15
3 3 14
t 326 254
m 11 2
1 10 16
2 16 14
3 3 13
t 325 254
m 11 3
1 10 17
2 16 13
3 3 14
t 324 254
m 10 3
1 9 17
2 16 14
3 4 14
t 323 254
m 9 3
1 9 16
2 16 15
3 4 15
t 322 254
m 8 3
1 8 16
2 15 15
3 5 15
t 321 254
m 7 3
1 7 16
2 16 15
3 4 15
t 320 254
m 6 3
1 8 16
2 16 16
3 3 15
t 319 254
m 5 3
1 9 16
2 16 15
3 3 16
t 318 254
m 4 3
1 10 16
2 17 15
3 4 16
t 317 254
m 3 3
1 10 15
2 18 15
3 4 15
t 316 254
m 2 3
1 10 16
2 18 16
3 3 15
t 315 264
m 2 3
1 10 17
2 19 16
3 3 14
t 314 264
m 2 3
1 10 16
2 19 15
3 3 15
f 29 16
t 313 264
m 3 3
1 11 16
2 19 16
3 3 16
t 312 264
m 4 3
1 11 17
2 20 16
3 3 17
t 311 264
m 5 3
1 11 18
2 20 15
3 3 16
t 310 264
m 5 4
1 11 17
2 20 14
3 3 15
t 309 264
m 5 4
1 11 16
2 20 13
3 4 15
t 308 264
m 6 4
1 11 15
2 19 13
3 5 15
t 307 264
m 6 5
1 12 15
2 19 12
3 6 15
t 306 265
m 7 5
1 12 16
2 19 11
3 7 15
t 305 265
m 8 5
1 13 16
2 20 11
3 6 15
t 304 266
m 8 6
1 13 15
2 21 11
3 7 15
t 303 266
m 9 6
1 13 16
2 20 11
3 8 15
t 302 266
m 9 7
1 13 15
2 20 10
3 7 15
t 301 266
m 10 7
1 13 16
2 20 11
3 7 16
t 300 266
m 11 7
1 13 15
2 19 11
3 7 17
t 299 266
m 12 7
1 13 16
2 19 12
3 7 18
t 298 266
m 12 8
1 14 16
2 19 13
3 7 17
t 297 266
m 13 8
1 14 15
2 20 13
3 8 17
t 296 266
m 14 8
1 14 16
2 20 14
3 8 16
t 295 266
m 15 8
1 14 17
2 20 15
3 8 17
t 294 266
m 15 9
1 15 17
2 21 15
3 9 17
t 293 266
m 16 9
1 14 17
2 20 15
3 9 18
t 292 266
m 17 9
1 14 18
2 20 14
3 9 17
t 291 266
m 17 10
1 13 18
2 20 15
3 10 17
t 290 266
m 17 11
1 12 18
2 19 15
3 10 16
t 289 266
m 17 12
1 12 17
2 19 16
3 10 15
t 288 266
m 17 13
1 12 16
2 19 15
3 10 16
t 287 266
m 16 13
1 12 15
2 18 15
3 10 15
t 286 266
m 17 13
1 12 16
2 18 16
3 10 16
t 285 266
m 18 13
1 13 16
2 17 16
3 10 17
t 284 266
m 19 13
1 12 16
2 17 15
3 9 17
t 283 266
m 20 13
1 12 17
2 18 15
3 10 17
t 282 266
m 20 14
1 12 18
2 18 16
3 9 17
t 281 266
m 20 15
1 13 18
2 19 16
3 9 16
t 280 266
m 21 15
1 14 18
2 19 15
3 8 16
t 279 266
m 22 15
1 14 17
2 20 15
3 8 17
t 278 266
m 23 15
1 14 16
2 20 14
3 9 17
t 277 266
m 23 16
1 15 16
2 20 13
3 9 16
t 276 266
m 24 16
1 15 15
2 19 13
3 10 16
t 275 266
m 25 16
1 16 15
2 19 12
3 10 17
t 274 266
m 25 16
1 15 15
2 18 12
3 10 18
t 273 266
m 26 16
1 16 15
2 19 12
3 11 18
t 272 267
m 27 16
1 16 14
2 18 12
3 11 17
t 271 267
m 28 16
1 16 13
2 19 12
3 12 17
t 270 267
m 29 16
1 16 12
2 19 13
3 11 17
t 269 277
m 29 16
1 16 11
2 19 12
3 12 17
t 268 277
m 29 16
1 15 11
2 19 11
3 12 18
t 267 277
m 28 16
1 14 11
2 20 11
3 12 19
t 266 277
m 29 16
1 14 10
2 20 10
3 11 19
t 265 277
m 28 16
1 15 10
2 20 11
3 12 19
t 264 277
m 29 16
1 15 11
2 19 11
3 11 19
t 263 277
m 29 17
1 14 11
2 20 11
3 12 19
t 262 277
m 29 16
1 13 11
2 21 11
3 11 19
t 261 277
m 29 15
1 12 11
2 22 11
3 12 19
t 260 277
m 29 16
1 11 11
2 22 10
3 12 18
t 259 277
m 29 16
1 10 11
2 22 9
3 12 17
t 258 277
m 29 17
1 10 12
2 22 10
3 11 17
t 257 277
m 29 18
1 10 11
2 22 9
3 12 17
t 256 277
m 29 18
1 10 10
2 23 9
3 12 16
t 255 277
m 29 17
1 9 10
2 22 9
3 12 15
t 254 277
m 29 16
1 10 10
2 22 10
3 11 15
t 253 277
m 29 16
1 9 10
2 22 9
3 11 16
t 252 277
m 29 16
1 8 10
2 23 9
3 10 16
t 251 277
m 28 16
1 8 11
2 23 8
3 9 16
t 250 277
m 29 16
1 8 12
2 23 7
3 8 16
t 249 277
m 29 16
1 8 13
2 24 7
3 7 16
t 248 277
m 29 16
1 8 12
2 23 7
3 7 15
t 247 277
m 28 16
1 9 12
2 23 8
3 6 15
t 246 277
m 29 16
1 9 11
2 23 9
3 5 15
t 245 277
m 29 16
1 8 11
2 24 9
3 5 14
t 244 277
m 29 16
1 7 11
2 25 9
3 5 15
t 243 277
m 29 17
1 6 11
2 24 9
3 5 14
t 242 277
m 29 16
1 6 12
2 24 10
3 6 14
t 241 277
m 28 16
1 6 11
2 24 9
3 7 14
t 240 277
m 28 15
1 5 11
2 24 8
3 7 15
t 239 277
m 28 16
1 5 10
2 24 9
3 7 14
t 238 277
m 29 16
1 6 10
2 25 9
3 7 13
t 237 277
m 29 16
1 7 10
2 25 10
3 7 14
t 236 277
m 29 16
1 8 10
2 25 11
3 7 15
t 235 277
m 29 17
1 8 11
2 25 10
3 6 15
t 234 277
m 29 16
1 8 10
2 26 10
3 7 15
t 233 277
m 29 16
1 9 10
2 25 10
3 8 15
t 232 277
m 28 16
1 9 11
2 24 10
3 8 16
t 231 277
m 28 16
1 8 11
2 25 10
3 8 15
t 230 277
m 29 16
1 8 10
2 26 10
3 8 16
t 229 277
m 29 16
1 7 10
2 26 11
3 8 17
t 228 277
m 29 16
1 6 10
2 26 10
3 7 17
t 227 277
m 29 16
1 5 10
2 27 10
3 8 17
f 22 14
t 226 277
m 29 15
1 6 10
2 27 9
3 9 17
t 225 277
m 29 14
1 6 11
2 26 9
3 9 18
t 224 277
m 28 14
1 6 10
2 27 9
3 10 18
t 223 277
m 28 14
1 7 10
2 26 9
3 10 19
t 222 277
m 28 14
1 7 11
2 27 9
3 9 19
t 221 277
m 28 15
1 7 10
2 26 9
3 10 19
t 220 277
m 28 14
1 8 10
2 26 10
3 10 18
t 219 277
m 28 15
1 9 10
2 26 11
3 11 18
t 218 277
m 28 14
1 9 9
2 26 12
3 11 19
t 217 277
m 28 15
1 9 8
2 25 12
3 11 18
t 216 277
m 28 15
1 9 9
2 26 12
3 11 19
t 215 277
m 28 14
1 9 10
2 25 12
3 10 19
t 214 277
m 28 15
1 9 11
2 25 11
3 11 19
t 213 277
m 27 15
1 9 12
2 25 10
3 11 18
t 212 278
m 27 15
1 8 12
2 25 9
3 10 18
t 211 278
m 26 15
1 9 12
2 25 10
3 9 18
t 210 278
m 25 15
1 10 12
2 25 11
3 10 18
t 209 278
m 24 15
1 11 12
2 25 10
3 9 18
t 208 279
m 23 15
1 11 11
2 25 9
3 9 17
t 207 279
m 22 15
1 11 10
2 25 10
3 9 18
t 206 279
m 22 14
1 10 10
2 25 11
3 10 18
t 205 289
m 22 14
1 10 11
2 24 11
3 10 17
t 204 289
m 22 14
1 10 10
2 24 10
3 9 17
f 14 7
t 203 289
m 22 13
1 10 11
2 25 10
3 8 17
t 202 289
m 22 12
1 9 11
2 26 10
3 8 18
t 201 289
m 22 12
1 9 12
2 26 11
3 9 18
t 200 289
m 22 11
1 8 12
2 26 10
3 10 18
t 199 289
m 22 10
1 8 13
2 25 10
3 10 17
t 198 289
m 22 9
1 8 12
2 25 9
3 10 16
t 197 289
m 22 9
1 9 12
2 25 10
3 10 15
t 196 289
m 22 10
1 8 12
2 26 10
3 10 16
t 195 289
m 22 9
1 8 13
2 26 11
3 9 16
t 194 289
m 22 9
1 8 12
2 26 10
3 9 17
t 193 289
m 22 9
1 7 12
2 26 9
3 9 18
t 192 289
m 22 9
1 8 12
2 26 10
3 10 18
t 191 289
m 22 9
1 8 13
2 26 11
3 10 19
t 190 289
m 22 9
1 8 14
2 26 12
3 9 19
t 189 289
m 22 9
1 8 15
2 25 12
3 10 19
t 188 289
m 22 10
1 8 14
2 25 13
3 9 19
t 187 289
m 22 9
1 8 13
2 25 14
3 8 19
t 186 289
m 22 9
1 7 13
2 25 13
3 9 19
t 185 289
m 22 10
1 6 13
2 25 14
3 9 18
t 184 289
m 22 9
1 5 13
2 25 15
3 9 19
t 183 289
m 22 9
1 5 14
2 25 14
3 8 19
t 182 289
m 22 9
1 6 14
2 25 13
3 8 18
t 181 289
m 22 10
1 5 14
2 25 12
3 8 17
t 180 289
m 22 9
1 5 15
2 24 12
3 9 17
t 179 289
m 22 9
1 5 14
2 24 13
3 9 16
t 178 289
m 22 9
1 5 13
2 24 14
3 9 17
t 177 289
m 22 9
1 4 13
2 25 14
3 9 18
t 176 289
m 22 9
1 3 13
2 25 15
3 8 18
t 175 289
m 22 9
1 2 13
2 25 14
3 9 18
t 174 289
m 22 9
1 1 13
2 25 15
3 9 19
t 173 289
m 22 9
1 0 13
2 25 16
3 10 19
t 172 289
m 22 9
1 1 13
2 26 16
3 11 19
t 171 289
m 22 9
1 1 12
2 26 15
3 12 19
t 170 289
m 22 9
1 1 13
2 26 16
3 11 19
t 169 289
m 22 9
1 0 13
2 25 16
3 11 18
t 168 289
m 22 9
1 0 12
2 24 16
3 11 19
t 167 289
m 22 9
1 0 13
2 23 16
3 12 19
t 166 289
m 23 9
1 0 12
2 23 15
3 12 18
t 165 289
m 23 8
1 0 11
2 24 15
3 12 17
t 164 289
m 23 7
1 0 12
2 23 15
3 12 16
t 163 289
m 23 7
1 0 11
2 23 16
3 12 15
t 162 289
m 24 7
1 0 12
2 24 16
3 13 15
t 161 290
m 25 7
1 0 13
2 25 16
3 14 15
t 160 291
m 24 7
1 1 13
2 25 15
3 14 16
t 159 291
m 23 7
1 2 13
2 25 16
3 15 16
t 158 291
m 23 7
1 3 13
2 25 15
3 15 17
t 157 291
m 23 7
1 3 14
2 25 14
3 14 17
t 156 291
m 23 8
1 3 15
2 25 13
3 15 17
t 155 291
m 23 7
1 4 15
2 25 12
3 15 18
t 154 291
m 23 7
1 3 15
2 25 11
3 15 17
t 153 291
m 24 7
1 3 14
2 25 10
3 15 18
t 152 291
m 23 7
1 3 15
2 26 10
3 16 18
t 151 291
m 23 7
1 4 15
2 26 11
3 15 18
t 150 291
m 23 7
1 4 16
2 25 11
3 15 17
t 149 291
m 23 7
1 4 17
2 24 11
3 15 16
t 148 291
m 23 7
1 4 18
2 24 10
3 15 17
t 147 291
m 23 7
1 3 18
2 23 10
3 15 18
t 146 291
m 23 7
1 3 19
2 22 10
3 14 18
t 145 291
m 24 7
1 2 19
2 23 10
3 15 18
t 144 291
m 23 7
1 1 19
2 23 11
3 15 17
t 143 291
m 23 7
1 0 19
2 23 10
3 14 17
t 142 291
m 24 7
1 1 19
2 24 10
3 14 18
t 141 291
m 23 7
1 0 19
2 25 10
3 13 18
t 140 291
m 23 7
1 0 18
2 26 10
3 12 18
t 139 291
m 23 7
1 0 19
2 26 9
3 12 17
t 138 291
m 23 7
1 0 18
2 26 8
3 12 16
t 137 291
m 24 7
1 0 17
2 27 8
3 13 16
t 136 291
m 23 7
1 0 16
2 28 8
3 14 16
t 135 291
m 23 7
1 0 17
2 28 7
3 14 15
t 134 291
m 23 7
1 0 18
2 27 7
3 14 16
t 133 291
m 23 8
1 0 19
2 28 7
3 14 17
t 132 291
m 23 7
1 0 18
2 27 7
3 14 18
t 131 291
m 23 7
1 0 19
2 26 7
3 15 18
t 130 291
m 23 7
1 1 19
2 27 7
3 14 18
t 129 291
m 23 7
1 2 19
2 28 7
3 14 17
t 128 291
m 23 7
1 1 19
2 28 8
3 14 16
t 127 291
m 23 7
1 0 19
2 28 9
3 13 16
t 126 291
m 24 7
1 1 19
2 27 9
3 12 16
t 125 291
m 23 7
1 0 19
2 27 8
3 12 15
t 124 291
m 23 7
1 1 19
2 27 9
3 11 15
t 123 291
m 23 8
1 0 19
2 28 9
3 12 15
t 122 291
m 23 7
1 1 19
2 27 9
3 11 15
t 121 291
m 23 8
1 2 19
2 28 9
3 11 16
t 120 291
m 23 7
1 1 19
2 28 8
3 11 15
t 119 291
m 23 7
1 0 19
2 28 9
3 11 16
t 118 291
m 23 7
1 0 18
2 27 9
3 11 15
t 117 291
m 23 7
1 0 19
2 27 10
3 10 15
t 116 291
m 23 7
1 0 18
2 26 10
3 11 15
t 115 291
m 23 7
1 0 17
2 27 10
3 10 15
t 114 291
m 23 7
1 0 18
2 27 9
3 11 15
t 113 291
m 23 8
1 0 19
2 28 9
3 10 15
t 112 291
m 23 7
1 0 18
2 27 9
3 11 15
t 111 291
m 23 7
1 0 19
2 28 9
3 11 16
t 110 291
m 23 7
1 0 18
2 28 8
3 11 15
t 109 291
m 23 7
1 0 17
2 28 9
3 10 15
t 108 291
m 23 7
1 0 16
2 27 9
3 11 15
t 107 291
m 23 7
1 0 17
2 27 10
3 12 15
t 106 291
m 23 7
1 0 16
2 27 9
3 11 15
t 105 291
m 23 7
1 1 16
2 28 9
3 10 15
t 104 291
m 23 7
1 0 16
2 28 8
3 10 16
t 103 291
m 23 7
1 0 17
2 28 7
3 9 16
t 102 291
m 23 7
1 0 16
2 28 6
3 9 17
t 101 291
m 23 7
1 0 17
2 28 7
3 10 17
t 100 291
m 23 7
1 0 18
2 28 6
3 10 18
t 99 291
m 23 8
1 0 17
2 27 6
3 10 17
t 98 291
m 23 7
1 0 18
2 26 6
3 10 18
t 97 291
m 23 7
1 0 19
2 26 5
3 10 19
t 96 291
m 23 8
1 1 19
2 26 6
3 10 18
t 95 291
m 23 8
1 2 19
2 27 6
3 10 19
t 94 291
m 23 7
1 3 19
2 26 6
3 10 18
t 93 291
m 23 8
1 4 19
2 26 5
3 11 18
t 92 291
m 23 7
1 4 18
2 26 6
3 11 17
t 91 291
m 23 7
1 4 19
2 26 7
3 11 16
t 90 291
m 23 7
1 5 19
2 25 7
3 12 16
t 89 291
m 23 7
1 6 19
2 24 7
3 12 17
t 88 291
m 23 8
1 5 19
2 24 8
3 12 16
t 87 291
m 23 7
1 5 18
2 24 9
3 12 15
t 86 291
m 23 7
1 5 17
2 25 9
3 11 15
t 85 291
m 23 7
1 5 18
2 25 10
3 12 15
t 84 291
m 23 7
1 5 17
2 24 10
3 12 16
t 83 291
m 23 8
1 5 16
2 24 9
3 12 17
t 82 291
m 23 7
1 5 15
2 25 9
3 12 18
t 81 291
m 23 7
1 6 15
2 25 10
3 13 18
t 80 291
m 23 7
1 6 14
2 25 9
3 14 18
t 79 291
m 23 7
1 6 13
2 25 10
3 14 17
t 78 291
m 23 7
1 7 13
2 25 11
3 14 18
t 77 291
m 23 7
1 7 14
2 24 11
3 13 18
t 76 291
m 23 7
1 7 13
2 24 12
3 14 18
t 75 291
m 23 7
1 7 14
2 24 13
3 13 18
t 74 291
m 23 7
1 7 15
2 25 13
3 12 18
t 73 291
m 24 7
1 6 15
2 24 13
3 12 17
t 72 291
m 23 7
1 6 14
2 24 12
3 12 16
t 71 291
m 24 7
1 7 14
2 25 12
3 12 17
t 70 291
m 23 7
1 7 13
2 25 11
3 12 16
t 69 291
m 23 7
1 7 12
2 25 12
3 12 17
t 68 291
m 23 8
1 7 13
2 25 13
3 12 18
t 67 291
m 23 7
1 7 12
2 25 14
3 12 19
t 66 291
m 23 7
1 6 12
2 24 14
3 12 18
t 65 291
m 23 7
1 6 13
2 24 15
3 13 18
t 64 291
m 23 7
1 5 13
2 24 16
3 14 18
t 63 291
m 23 7
1 5 14
2 24 15
3 13 18
t 62 291
m 23 7
1 5 13
2 24 14
3 12 18
t 61 291
m 23 7
1 6 13
2 24 13
3 13 18
t 60 291
m 23 7
1 6 14
2 24 12
3 12 18
t 59 291
m 23 7
1 5 14
2 24 11
3 12 19
t 58 291
m 23 7
1 5 13
2 23 11
3 11 19
t 57 291
m 23 7
1 5 14
2 24 11
3 12 19
t 56 291
m 23 7
1 5 13
2 24 12
3 12 18
t 55 291
m 23 7
1 6 13
2 24 11
3 11 18
t 54 291
m 24 7
1 6 12
2 24 12
3 12 18
t 53 291
m 23 7
1 6 11
2 24 13
3 13 18
t 52 291
m 23 7
1 6 12
2 24 12
3 12 18
t 51 291
m 23 7
1 6 13
2 24 11
3 12 17
t 50 291
m 23 7
1 7 13
2 23 11
3 12 16
t 49 291
m 23 7
1 6 13
2 22 11
3 11 16
t 48 291
m 23 7
1 7 13
2 22 10
3 11 17
t 47 291
m 24 7
1 6 13
2 22 9
3 10 17
t 46 291
m 24 7
1 5 13
2 23 9
3 10 18
t 45 291
m 24 7
1 5 14
2 23 8
3 9 18
t 44 291
m 25 7
1 5 13
2 24 8
3 10 18
t 43 291
m 26 7
1 6 13
2 23 8
3 10 19
t 42 291
m 25 7
1 6 14
2 23 7
3 11 19
t 41 291
m 26 7
1 6 13
2 23 8
3 12 19
t 40 291
m 25 7
1 6 12
2 23 7
3 11 19
t 39 291
m 26 7
1 6 13
2 23 8
3 10 19
t 38 291
m 26 7
1 6 12
2 24 8
3 11 19
t 37 291
m 25 7
1 6 11
2 24 9
3 12 19
t 36 291
m 24 7
1 7 11
2 23 9
3 12 18
t 35 291
m 24 7
1 8 11
2 23 8
3 12 17
t 34 291
m 25 7
1 7 11
2 24 8
3 12 16
t 33 291
m 25 7
1 7 10
2 24 7
3 12 17
t 32 291
m 26 7
1 8 10
2 23 7
3 12 18
t 31 291
m 25 7
1 9 10
2 23 8
3 12 17
t 30 291
m 24 7
1 10 10
2 23 7
3 11 17
t 29 291
m 24 8
1 9 10
2 24 7
3 12 17
t 28 291
m 23 8
1 8 10
2 24 8
3 11 17
t 27 291
m 23 9
1 7 10
2 24 9
3 12 17
t 26 291
m 22 9
1 7 11
2 25 9
3 12 16
t 25 291
m 22 10
1 7 10
2 26 9
3 12 15
t 24 291
m 22 10
1 7 11
2 26 8
3 11 15
t 23 291
m 22 9
1 8 11
2 26 7
3 10 15
t 22 291
m 22 9
1 8 12
2 27 7
3 10 16
t 21 291
m 22 9
1 7 12
2 26 7
3 11 16
t 20 291
m 22 9
1 7 13
2 26 8
3 10 16
t 19 291
m 22 10
1 8 13
2 26 9
3 10 15
t 18 291
m 22 10
1 8 12
2 26 10
3 11 15
t 17 291
m 22 9
1 8 11
2 27 10
3 12 15
t 16 291
m 22 9
1 7 11
2 27 9
3 12 16
t 15 291
m 22 10
1 6 11
2 27 8
3 11 16
t 14 291
m 22 10
1 7 11
2 28 8
3 11 17
t 13 291
m 22 9
1 7 12
2 28 9
3 12 17
t 12 291
m 22 9
1 8 12
2 27 9
3 12 18
t 11 291
m 22 10
1 9 12
2 28 9
3 13 18
t 10 291
m 22 9
1 9 11
2 27 9
3 14 18
t 9 291
m 22 9
1 9 12
2 27 10
3 13 18
t 8 291
m 22 9
1 10 12
2 26 10
3 12 18
t 7 291
m 22 9
1 11 12
2 26 11
3 13 18
t 6 291
m 22 9
1 11 11
2 26 12
3 14 18
t 5 291
m 22 9
1 11 10
2 27 12
3 14 17
t 4 291
m 22 9
1 10 10
2 28 12
3 15 17
t 3 291
m 22 9
1 10 11
2 27 12
3 15 18
t 2 291
m 22 9
1 10 12
2 26 12
3 15 17
t 1 291
m 22 9
1 10 11
2 25 12
3 15 16
t 0 291
