10
15
m 0 14
1 9 0
2 9 0
3 9 0
w 1 12
w 2 12
p 5 12
w 1 11
w 2 11
w 5 11
p 8 11
w 1 10
w 2 10
w 3 10
w 5 10
w 6 10
w 8 10
w 6 9
p 4 8
w 0 7
w 2 7
w 4 7
w 5 7
w 8 7
w 0 6
w 2 6
w 5 6
w 8 6
w 0 5
w 2 5
p 3 5
w 5 5
w 7 5
w 0 4
p 1 4
w 2 4
p 4 4
w 5 4
p 4 3
w 5 3
w 7 3
w 8 3
w 1 2
w 2 2
p 3 2
w 5 2
p 7 2
p 1 1
p 3 1
p 6 1
w 7 1
w 8 1
t 300 0
m 0 14
1 8 0
2 8 0
3 8 0
t 299 0
m 1 14
1 9 0
2 7 0
3 9 0
t 298 0
m 1 14
1 8 0
2 8 0
3 9 1
t 297 0
m 2 14
1 7 0
2 9 0
3 9 2
t 296 0
m 3 14
1 6 0
2 9 1
3 9 1
t 295 0
m 3 13
1 6 1
2 9 0
3 9 2
t 294 0
m 3 14
1 6 2
2 8 0
3 9 3
t 293 0
m 3 13
1 6 1
2 7 0
3 9 4
t 292 0
m 3 14
1 6 0
2 6 0
3 8 4
f 0 14
t 291 0
m 2 14
1 7 0
2 5 0
3 7 4
t 290 0
m 1 14
1 8 0
2 5 1
3 8 4
t 289 0
m 0 14
1 9 0
2 5 0
3 8 5
t 288 10
m 0 14
1 8 0
2 4 0
3 9 5
t 287 10
m 0 14
1 7 0
2 4 1
3 8 5
t 286 10
m 0 14
1 6 0
2 3 1
3 9 5
t 285 10
m 0 14
1 7 0
2 4 1
3 9 6
t 284 10
m 0 14
1 8 0
2 4 2
3 9 5
t 283 10
m 0 13
1 9 0
2 4 1
3 9 6
t 282 10
m 0 13
1 9 1
2 4 2
3 9 5
t 281 10
m 0 14
1 9 0
2 4 3
3 9 4
t 280 10
m 0 14
1 8 0
2 4 4
3 8 4
t 279 10
m 0 14
1 9 0
2 4 3
3 9 4
t 278 10
m 0 14
1 9 1
2 3 3
3 9 5
t 277 10
m 0 14
1 9 2
2 2 3
3 8 5
t 276 10
m 0 14
1 8 2
2 3 3
3 8 4
t 275 10
m 0 14
1 9 2
2 3 2
3 7 4
t 274 10
m 0 14
1 9 1
2 3 1
3 6 4
t 273 10
m 0 14
1 9 0
2 3 0
3 7 4
t 272 10
m 0 14
1 8 0
2 4 0
3 8 4
t 271 10
m 0 14
1 7 0
2 5 0
3 8 5
t 270 10
m 0 13
1 8 0
2 6 0
3 9 5
t 269 10
m 0 14
1 9 0
2 5 0
3 9 4
t 268 10
m 0 14
1 8 0
2 6 0
3 9 3
t 267 10
m 0 14
1 7 0
2 7 0
3 9 4
t 266 10
m 0 14
1 8 0
2 8 0
3 9 5
t 265 10
m 0 14
1 9 0
2 7 0
3 9 6
t 264 10
m 0 14
1 9 1
2 8 0
3 9 7
t 263 10
m 0 14
1 9 0
2 7 0
3 9 6
t 262 10
m 0 14
1 9 1
2 6 0
3 9 5
f 4 13
t 261 10
m 0 13
1 9 0
2 6 1
3 8 5
t 260 10
m 1 13
1 8 0
2 6 2
3 9 5
t 259 10
m 2 13
1 7 0
2 6 3
3 9 4
t 258 10
m 3 13
1 6 0
2 6 4
3 9 5
t 257 10
m 4 13
1 7 0
2 6 5
3 9 6
t 256 20
m 4 14
1 8 0
2 6 4
3 9 7
t 255 20
m 4 13
1 7 0
2 6 5
3 9 6
t 254 20
m 4 14
1 6 0
2 6 4
3 9 7
t 253 20
m 4 13
1 5 0
2 6 3
3 9 8
t 252 20
m 4 13
1 5 1
2 6 2
3 9 7
t 251 20
m 4 13
1 5 0
2 7 2
3 9 8
t 250 20
m 4 13
1 6 0
2 8 2
3 9 9
t 249 20
m 4 13
1 5 0
2 9 2
3 8 9
t 248 20
m 4 13
1 5 1
2 8 2
3 8 8
t 247 20
m 4 13
1 5 0
2 7 2
3 7 8
t 246 20
m 4 13
1 4 0
2 6 2
3 6 8
t 245 20
m 4 14
1 3 0
2 6 3
3 7 8
t 244 20
m 4 13
1 3 1
2 6 2
3 8 8
t 243 20
m 4 13
1 3 2
2 6 1
3 9 8
t 242 20
m 4 13
1 3 1
2 5 1
3 8 8
t 241 20
m 4 13
1 3 2
2 5 0
3 8 9
t 240 20
m 4 13
1 3 3
2 6 0
3 8 8
t 239 20
m 4 13
1 3 4
2 6 1
3 8 9
t 238 20
m 4 14
1 4 4
2 5 1
3 8 8
t 237 20
m 4 14
1 4 3
2 5 0
3 9 8
t 236 20
m 4 13
1 4 4
2 5 1
3 9 9
t 235 20
m 4 14
1 4 5
2 4 1
3 9 8
t 234 20
m 4 13
1 4 6
2 5 1
3 9 9
t 233 20
m 4 14
1 3 6
2 5 0
3 8 9
t 232 20
m 4 13
1 4 6
2 6 0
3 9 9
f 8 12
t 231 20
m 5 13
1 4 5
2 6 1
3 9 8
t 230 20
m 5 12
1 4 6
2 5 1
3 8 8
t 229 28
m 6 12
1 3 6
2 6 1
3 8 9
t 228 28
m 7 12
1 3 5
2 5 1
3 8 8
t 227 28
m 8 12
1 3 6
2 6 1
3 9 8
t 226 38
m 8 12
1 3 5
2 6 0
3 8 8
t 225 38
m 9 12
1 4 5
2 5 0
3 9 8
t 224 38
m 8 12
1 4 6
2 5 1
3 8 8
t 223 38
m 8 12
1 3 6
2 6 1
3 7 8
t 222 38
m 8 12
1 3 7
2 5 1
3 7 7
t 221 38
m 8 12
1 3 8
2 5 0
3 6 7
t 220 38
m 8 12
1 2 8
2 4 0
3 7 7
t 219 38
m 8 12
1 1 8
2 4 1
3 6 7
t 218 38
m 8 12
1 1 7
2 4 0
3 6 8
t 217 38
m 8 12
1 1 8
2 4 1
3 6 7
t 216 38
m 8 12
1 0 8
2 5 1
3 6 6
t 215 38
m 8 12
1 1 8
2 6 1
3 6 5
t 214 38
m 8 12
1 2 8
2 6 0
3 6 4
t 213 38
m 8 12
1 2 9
2 5 0
3 6 5
t 212 38
m 8 12
1 3 9
2 4 0
3 6 6
t 211 38
m 8 12
1 3 8
2 4 1
3 6 5
t 210 38
m 8 11
1 3 7
2 3 1
3 6 4
t 209 46
m 8 12
1 3 6
2 4 1
3 7 4
t 208 46
m 8 12
1 3 7
2 3 1
3 8 4
t 207 46
m 8 12
1 3 8
2 2 1
3 9 4
t 206 46
m 8 12
1 3 7
2 2 0
3 9 5
t 205 46
m 8 12
1 3 6
2 2 1
3 8 5
t 204 46
m 8 12
1 4 6
2 2 0
3 8 4
t 203 46
m 8 12
1 4 5
2 3 0
3 7 4
f 3 14
t 202 46
m 8 13
1 3 5
2 4 0
3 8 4
t 201 46
m 7 13
1 3 4
2 5 0
3 8 5
t 200 46
m 6 13
1 4 4
2 5 1
3 8 4
t 199 46
m 6 14
1 4 3
2 5 0
3 9 4
t 198 46
m 5 14
1 4 4
2 5 1
3 9 5
t 197 46
m 4 14
1 4 3
2 6 1
3 8 5
t 196 46
m 3 14
1 4 4
2 5 1
3 8 4
t 195 56
m 3 14
1 3 4
2 6 1
3 8 5
t 194 56
m 3 14
1 3 3
2 6 2
3 9 5
t 193 56
m 3 14
1 2 3
2 6 3
3 9 4
t 192 56
m 3 14
1 1 3
2 6 4
3 8 4
t 191 56
m 3 14
1 2 3
2 6 5
3 7 4
t 190 56
m 3 14
1 3 3
2 6 4
3 8 4
t 189 56
m 3 14
1 4 3
2 7 4
3 7 4
t 188 56
m 3 14
1 4 4
2 8 4
3 8 4
t 187 56
m 3 14
1 4 5
2 9 4
3 7 4
t 186 56
m 3 14
1 4 4
2 9 5
3 6 4
t 185 56
m 3 14
1 4 3
2 9 6
3 6 3
t 184 56
m 3 14
1 3 3
2 9 5
3 6 4
t 183 56
m 3 14
1 3 2
2 9 6
3 6 5
t 182 56
m 2 14
1 3 3
2 9 7
3 6 4
f 7 12
t 181 56
m 3 14
1 2 3
2 9 8
3 6 5
t 180 56
m 4 14
1 1 3
2 9 7
3 6 6
t 179 56
m 5 14
1 0 3
2 9 6
3 7 6
t 178 56
m 5 13
1 0 2
2 9 5
3 6 6
t 177 56
m 6 13
1 0 3
2 9 4
3 6 7
t 176 56
m 7 13
1 0 2
2 9 5
3 6 8
t 175 56
m 7 12
1 0 1
2 8 5
3 6 7
t 174 66
m 7 12
1 0 2
2 8 4
3 6 6
f 8 13
t 173 66
m 8 12
1 0 3
2 7 4
3 7 6
t 172 66
m 8 13
1 1 3
2 6 4
3 7 7
t 171 76
m 8 14
1 0 3
2 6 5
3 7 8
t 170 76
m 8 14
1 1 3
2 6 6
3 8 8
t 169 76
m 8 13
1 2 3
2 7 6
3 7 8
t 168 76
m 8 14
1 1 3
2 7 7
3 7 7
t 167 76
m 8 13
1 1 4
2 7 8
3 6 7
t 166 76
m 9 13
1 1 5
2 7 7
3 6 6
t 165 76
m 8 13
1 1 4
2 7 6
3 6 7
t 164 76
m 8 13
1 1 5
2 6 6
3 6 8
t 163 76
m 8 13
1 1 6
2 6 7
3 7 8
t 162 76
m 8 13
1 1 5
2 6 6
3 7 7
t 161 76
m 8 13
1 1 6
2 6 5
3 7 8
t 160 76
m 8 13
1 1 5
2 6 4
3 6 8
t 159 76
m 8 13
1 1 4
2 7 4
3 7 8
t 158 76
m 8 13
1 1 5
2 6 4
3 6 8
t 157 76
m 8 13
1 1 4
2 7 4
3 6 7
t 156 76
m 8 13
1 1 3
2 8 4
3 6 6
t 155 76
m 8 13
1 1 4
2 9 4
3 7 6
t 154 76
m 8 13
1 1 5
2 8 4
3 6 6
t 153 76
m 9 13
1 1 6
2 9 4
3 6 7
t 152 76
m 8 13
1 1 7
2 8 4
3 6 6
t 151 76
m 8 13
1 1 6
2 7 4
3 6 5
t 150 76
m 8 14
1 1 7
2 6 4
3 6 6
t 149 76
m 8 13
1 1 6
2 6 3
3 6 7
t 148 76
m 8 14
1 1 5
2 6 2
3 6 6
t 147 76
m 8 13
1 1 4
2 6 1
3 7 6
t 146 76
m 8 13
1 1 5
2 5 1
3 6 6
t 145 76
m 8 13
1 1 4
2 4 1
3 6 7
t 144 76
m 8 13
1 1 5
2 4 2
3 6 8
t 143 76
m 8 13
1 1 4
2 4 1
3 7 8
t 142 76
m 8 13
1 1 5
2 4 0
3 7 7
t 141 76
m 8 13
1 1 4
2 3 0
3 6 7
t 140 76
m 8 13
1 1 5
2 3 1
3 6 8
t 139 76
m 8 13
1 1 6
2 2 1
3 6 7
f 2 13
t 138 76
m 7 13
1 1 5
2 2 0
3 6 6
t 137 76
m 6 13
1 1 4
2 1 0
3 6 5
t 136 76
m 5 13
1 1 5
2 1 1
3 6 4
t 135 76
m 5 13
1 1 4
2 1 0
3 7 4
t 134 76
m 4 13
1 1 5
2 1 1
3 6 4
t 133 76
m 3 13
1 1 4
2 0 1
3 7 4
t 132 76
m 2 13
1 1 5
2 1 1
3 6 4
t 131 86
m 2 13
1 1 6
2 0 1
3 6 3
t 130 86
m 2 13
1 1 5
2 0 2
3 6 2
t 129 86
m 1 13
1 1 6
2 0 1
3 7 2
t 128 86
m 2 13
1 1 7
2 1 1
3 8 2
t 127 86
m 2 13
1 1 8
2 1 0
3 9 2
t 126 86
m 1 13
1 1 9
2 0 0
3 8 2
t 125 86
m 2 13
1 0 9
2 0 1
3 9 2
t 124 86
m 2 14
1 0 8
2 0 0
3 9 3
t 123 86
m 2 14
1 0 9
2 1 0
3 9 2
t 122 86
m 2 13
1 0 10
2 1 1
3 9 3
t 121 86
m 2 14
1 0 9
2 2 1
3 9 2
f 9 7
t 120 86
m 2 14
1 1 9
2 1 1
3 8 2
t 119 86
m 2 13
1 0 9
2 0 1
3 9 2
t 118 86
m 2 13
1 0 10
2 1 1
3 8 2
t 117 86
m 3 13
1 0 11
2 2 1
3 7 2
t 116 86
m 4 13
1 0 10
2 2 0
3 8 2
t 115 86
m 5 13
1 0 11
2 2 1
3 9 2
t 114 86
m 6 13
1 0 12
2 1 1
3 9 1
t 113 86
m 7 13
1 0 13
2 2 1
3 9 0
t 112 86
m 8 13
1 1 13
2 2 0
3 8 0
t 111 86
m 9 13
1 2 13
2 2 1
3 7 0
t 110 86
m 9 12
1 3 13
2 2 0
3 6 0
t 109 86
m 9 11
1 4 13
2 3 0
3 7 0
t 108 86
m 9 10
1 3 13
2 4 0
3 8 0
t 107 86
m 9 9
1 4 13
2 5 0
3 9 0
t 106 86
m 9 8
1 3 13
2 4 0
3 8 0
t 105 86
m 9 7
1 3 12
2 3 0
3 7 0
t 104 96
m 9 6
1 3 13
2 2 0
3 8 0
t 103 96
m 9 7
1 3 14
2 1 0
3 9 0
t 102 96
m 9 6
1 3 13
2 2 0
3 8 0
t 101 96
m 9 7
1 3 12
2 2 1
3 9 0
f 6 12
t 100 96
m 9 8
1 4 12
2 1 1
3 9 1
t 99 96
m 9 9
1 4 11
2 1 0
3 9 2
t 98 96
m 9 10
1 4 10
2 0 0
3 9 1
t 97 96
m 9 11
1 4 11
2 1 0
3 9 2
t 96 96
m 9 12
1 3 11
2 2 0
3 9 1
t 95 96
m 8 12
1 3 12
2 3 0
3 9 2
t 94 96
m 9 12
1 3 13
2 2 0
3 9 3
t 93 96
m 8 12
1 4 13
2 1 0
3 9 2
t 92 96
m 8 11
1 4 14
2 2 0
3 9 1
t 91 96
m 8 12
1 5 14
2 2 1
3 9 2
t 90 96
m 8 12
1 4 14
2 2 0
3 9 3
t 89 96
m 8 11
1 4 13
2 3 0
3 9 2
t 88 96
m 7 11
1 3 13
2 3 1
3 9 3
t 87 96
m 6 11
1 2 13
2 3 0
3 9 2
t 86 96
m 6 12
1 1 13
2 2 0
3 9 3
t 85 106
m 6 12
1 0 13
2 2 1
3 9 4
t 84 106
m 6 11
1 1 13
2 1 1
3 9 5
f 9 1
t 83 106
m 7 11
1 1 14
2 1 0
3 9 6
t 82 106
m 8 11
1 1 13
2 2 0
3 9 5
t 81 106
m 8 11
1 1 14
2 3 0
3 8 5
t 80 106
m 9 11
1 2 14
2 3 1
3 8 4
t 79 106
m 9 10
1 2 13
2 3 2
3 7 4
t 78 106
m 9 9
1 1 13
2 4 2
3 8 4
t 77 106
m 9 8
1 2 13
2 4 3
3 7 4
t 76 106
m 9 7
1 1 13
2 3 3
3 6 4
t 75 106
m 9 6
1 1 14
2 3 4
3 7 4
t 74 106
m 9 7
1 0 14
2 4 4
3 6 4
t 73 106
m 9 6
1 1 14
2 4 5
3 6 3
t 72 106
m 9 5
1 0 14
2 4 4
3 6 2
t 71 106
m 9 4
1 0 13
2 4 3
3 6 1
t 70 106
m 9 3
1 1 13
2 3 3
3 6 2
t 69 106
m 9 3
1 0 13
2 3 2
3 6 3
t 68 106
m 9 2
1 0 12
2 3 3
3 6 4
t 67 106
m 9 1
1 0 13
2 2 3
3 6 5
t 66 116
m 9 0
1 0 14
2 1 3
3 6 4
t 65 116
m 9 1
1 1 14
2 1 4
3 6 3
t 64 116
m 9 0
1 2 14
2 1 3
3 6 4
t 63 116
m 9 1
1 2 13
2 2 3
3 6 5
t 62 116
m 9 0
1 1 13
2 1 3
3 6 4
t 61 116
m 9 0
1 1 14
2 1 4
3 7 4
f 0 1
t 60 116
m 9 0
1 0 14
2 1 5
3 6 4
t 59 116
m 9 1
1 0 13
2 1 4
3 7 4
t 58 116
m 9 1
1 1 13
2 1 3
3 6 4
t 57 116
m 9 1
1 2 13
2 0 3
3 6 5
t 56 116
m 9 1
1 1 13
2 1 3
3 6 6
t 55 116
m 9 1
1 0 13
2 2 3
3 6 7
t 54 116
m 9 0
1 1 13
2 1 3
3 7 7
t 53 116
m 8 0
1 1 14
2 1 4
3 7 8
t 52 116
m 7 0
1 0 14
2 1 5
3 6 8
t 51 116
m 7 0
1 1 14
2 1 6
3 5 8
t 50 116
m 6 0
1 2 14
2 1 5
3 4 8
t 49 116
m 6 1
1 1 14
2 1 6
3 4 9
t 48 125
m 5 1
1 1 13
2 1 5
3 4 10
t 47 125
m 4 1
1 2 13
2 1 4
3 4 9
t 46 125
m 3 1
1 3 13
2 1 5
3 5 9
t 45 133
m 2 1
1 3 14
2 1 6
3 4 9
t 44 133
m 1 1
1 2 14
2 1 5
3 4 10
t 43 141
m 0 1
1 2 13
2 1 6
3 4 11
t 42 151
m 0 1
1 2 14
2 1 5
3 3 11
t 41 151
m 0 0
1 2 13
2 1 6
3 4 11
t 40 151
m 0 0
1 1 13
2 1 7
3 3 11
t 39 151
m 0 0
1 2 13
2 1 8
3 3 12
f 3 4
t 38 151
m 1 0
1 2 14
2 1 9
3 4 12
t 37 151
m 2 0
1 1 14
2 0 9
3 4 13
t 36 151
m 3 0
1 1 13
2 0 8
3 4 14
t 35 151
m 3 1
1 0 13
2 0 9
3 5 14
t 34 151
m 3 2
1 0 14
2 1 9
3 6 14
t 33 160
m 3 2
1 1 14
2 1 8
3 7 14
t 32 160
m 3 3
1 0 14
2 0 8
3 7 13
t 31 160
m 3 4
1 0 13
2 1 8
3 8 13
t 30 170
m 3 4
1 1 13
2 2 8
3 7 13
f 0 8
t 29 170
m 3 4
1 0 13
2 1 8
3 8 13
t 28 170
m 3 4
1 0 12
2 1 9
3 7 13
t 27 170
m 3 5
1 0 11
2 2 9
3 7 14
t 26 178
m 3 6
1 0 10
2 2 8
3 8 14
t 25 178
m 3 5
1 0 9
2 1 8
3 8 13
t 24 178
m 4 5
1 0 10
2 2 8
3 8 12
t 23 178
m 4 6
1 0 11
2 3 8
3 7 12
t 22 178
m 4 6
1 0 12
2 2 8
3 7 11
t 21 178
m 4 5
1 0 13
2 3 8
3 8 11
t 20 178
m 4 6
1 0 12
2 3 9
3 7 11
t 19 178
m 3 6
1 0 11
2 2 9
3 6 11
t 18 178
m 3 7
1 0 12
2 2 8
3 6 12
t 17 178
m 3 6
1 0 13
2 3 8
3 5 12
t 16 178
m 3 5
1 0 14
2 3 7
3 5 13
t 15 178
m 4 5
1 1 14
2 3 6
3 4 13
t 14 178
m 4 4
1 0 14
2 3 7
3 4 12
t 13 186
m 4 5
1 0 13
2 3 6
3 3 12
t 12 186
m 4 4
1 0 14
2 4 6
3 3 11
t 11 186
m 3 4
1 1 14
2 3 6
3 4 11
t 10 186
m 3 3
1 1 13
2 4 6
3 3 11
t 9 186
m 2 3
1 0 13
2 3 6
3 4 11
t 8 186
m 1 3
1 1 13
2 4 6
3 4 10
t 7 186
m 0 3
1 2 13
2 3 6
3 4 11
t 6 186
m 0 3
1 1 13
2 4 6
3 3 11
t 5 186
m 0 3
1 1 14
2 3 6
3 4 11
t 4 186
m 0 3
1 2 14
2 3 7
3 4 12
t 3 186
m 0 3
1 2 13
2 3 6
3 5 12
t 2 186
m 0 3
1 3 13
2 3 5
3 5 13
t 1 186
m 0 3
1 3 14
2 3 6
3 4 13
t 0 186
