10
15
m 0 14
1 9 0
2 9 0
3 9 0
w 1 14
w 2 14
w 3 14
w 7 14
p 2 13
w 5 13
w 7 13
w 8 13
p 1 12
p 2 12
w 5 12
p 6 12
w 7 12
w 8 12
w 5 11
w 7 11
p 4 10
w 5 10
w 7 10
p 3 9
w 5 9
p 6 9
p 8 9
p 6 8
p 7 8
p 1 7
p 6 7
w 5 6
w 6 6
p 2 5
w 5 5
w 6 5
w 8 5
p 7 4
p 8 4
w 1 3
w 2 3
w 3 3
p 4 3
w 7 3
w 8 3
w 1 2
w 2 2
w 3 2
p 4 2
w 1 1
w 2 1
w 3 1
p 5 1
w 7 1
w 7 0
t 300 0
m 0 13
1 8 0
2 9 1
3 9 1
t 299 0
m 1 13
1 8 1
2 8 1
3 9 2
t 298 0
m 1 12
1 9 1
2 8 2
3 9 3
t 297 5
m 1 11
1 8 1
2 8 1
3 9 4
t 296 5
m 2 11
1 9 1
2 9 1
3 9 5
f 5 8
t 295 5
m 2 10
1 8 1
2 9 2
3 9 4
t 294 5
m 3 10
1 9 1
2 8 2
3 9 5
t 293 5
m 3 9
1 8 1
2 8 1
3 9 4
t 292 11
m 4 9
1 8 0
2 9 1
3 8 4
t 291 11
m 4 8
1 9 0
2 9 0
3 9 4
t 290 11
m 5 8
1 8 0
2 9 1
3 9 3
t 289 21
m 5 8
1 8 1
2 9 0
3 9 4
t 288 21
m 5 8
1 8 2
2 8 0
3 9 5
t 287 21
m 5 8
1 8 1
2 9 0
3 9 6
t 286 21
m 5 8
1 9 1
2 8 0
3 9 5
t 285 21
m 5 8
1 8 1
2 9 0
3 9 4
f 0 10
t 284 21
m 4 8
1 8 2
2 8 0
3 9 5
t 283 21
m 3 8
1 8 1
2 9 0
3 9 6
t 282 21
m 2 8
1 8 0
2 9 1
3 9 5
t 281 21
m 1 8
1 8 1
2 8 1
3 9 4
t 280 21
m 0 8
1 8 0
2 8 0
3 8 4
t 279 21
m 0 9
1 8 1
2 9 0
3 9 4
t 278 21
m 0 10
1 9 1
2 9 1
3 9 5
t 277 31
m 0 10
1 8 1
2 9 2
3 9 6
t 276 31
m 0 10
1 8 0
2 8 2
3 9 5
t 275 31
m 0 10
1 8 1
2 7 2
3 9 4
t 274 31
m 0 10
1 9 1
2 6 2
3 9 5
f 0 7
t 273 31
m 0 9
1 9 2
2 6 3
3 9 6
t 272 31
m 0 8
1 8 2
2 6 2
3 9 5
t 271 31
m 0 7
1 9 2
2 7 2
3 9 4
t 270 41
m 0 7
1 9 3
2 8 2
3 9 3
t 269 41
m 0 7
1 9 2
2 8 1
3 9 4
t 268 41
m 0 7
1 9 3
2 9 1
3 9 3
t 267 41
m 0 7
1 9 2
2 9 0
3 9 4
t 266 41
m 0 7
1 8 2
2 8 0
3 9 5
t 265 41
m 0 7
1 8 1
2 9 0
3 9 4
t 264 41
m 0 7
1 9 1
2 9 1
3 9 3
t 263 41
m 0 7
1 9 2
2 9 2
3 9 4
t 262 41
m 0 7
1 8 2
2 8 2
3 8 4
t 261 41
m 0 7
1 9 2
2 8 1
3 9 4
t 260 41
m 0 7
1 8 2
2 8 2
3 9 5
t 259 41
m 0 7
1 7 2
2 8 1
3 9 6
t 258 41
m 0 7
1 6 2
2 8 0
3 9 5
t 257 41
m 0 7
1 6 1
2 8 1
3 9 6
t 256 41
m 0 7
1 6 0
2 8 0
3 9 7
t 255 41
m 0 7
1 6 1
2 9 0
3 8 7
t 254 41
m 0 7
1 5 1
2 8 0
3 8 8
t 253 41
m 0 7
1 6 1
2 8 1
3 8 9
t 252 41
m 0 7
1 5 1
2 8 2
3 7 9
t 251 41
m 0 7
1 5 0
2 8 1
3 7 8
t 250 41
m 0 7
1 5 1
2 9 1
3 8 8
t 249 41
m 0 7
1 5 0
2 8 1
3 9 8
t 248 41
m 0 7
1 6 0
2 8 2
3 8 8
t 247 41
m 0 7
1 6 1
2 8 1
3 7 8
t 246 41
m 0 7
1 6 0
2 8 2
3 8 8
t 245 41
m 0 7
1 5 0
2 7 2
3 7 8
t 244 41
m 0 7
1 6 0
2 6 2
3 7 7
t 243 41
m 0 7
1 5 0
2 7 2
3 8 7
t 242 41
m 0 7
1 5 1
2 8 2
3 9 7
t 241 41
m 0 7
1 6 1
2 7 2
3 9 8
t 240 41
m 0 7
1 6 0
2 8 2
3 8 8
t 239 41
m 0 7
1 6 1
2 8 1
3 8 7
t 238 41
m 0 7
1 5 1
2 8 2
3 8 8
t 237 41
m 0 7
1 5 0
2 9 2
3 7 8
t 236 41
m 0 7
1 5 1
2 8 2
3 7 9
t 235 41
m 0 7
1 6 1
2 9 2
3 6 9
f 0 10
t 234 41
m 0 8
1 5 1
2 9 3
3 6 10
t 233 41
m 0 9
1 4 1
2 9 2
3 6 11
t 232 41
m 0 10
1 5 1
2 9 1
3 6 10
t 231 51
m 0 10
1 5 0
2 8 1
3 6 11
t 230 51
m 0 10
1 5 1
2 8 2
3 6 12
t 229 51
m 0 10
1 6 1
2 7 2
3 6 13
t 228 51
m 0 10
1 6 0
2 8 2
3 6 12
t 227 51
m 0 10
1 6 1
2 9 2
3 6 11
f 0 8
t 226 51
m 0 9
1 6 2
2 8 2
3 6 10
t 225 51
m 0 8
1 5 2
2 8 1
3 6 11
t 224 61
m 0 8
1 5 1
2 9 1
3 6 10
t 223 61
m 0 8
1 6 1
2 9 0
3 6 11
f 4 8
t 222 61
m 1 8
1 5 1
2 9 1
3 6 12
t 221 61
m 2 8
1 5 0
2 9 0
3 6 13
t 220 61
m 3 8
1 5 1
2 9 1
3 6 12
t 219 61
m 4 8
1 5 2
2 8 1
3 6 11
t 218 71
m 4 8
1 5 1
2 8 2
3 6 12
t 217 71
m 4 8
1 6 1
2 7 2
3 6 11
t 216 71
m 4 8
1 5 1
2 6 2
3 6 12
f 3 8
t 215 71
m 3 8
1 4 1
2 5 2
3 6 13
t 214 81
m 3 8
1 5 1
2 5 3
3 6 12
t 213 81
m 3 8
1 6 1
2 5 2
3 6 11
t 212 81
m 3 8
1 6 2
2 5 1
3 6 12
t 211 81
m 3 8
1 6 1
2 6 1
3 6 11
t 210 81
m 3 8
1 6 2
2 5 1
3 6 10
t 209 81
m 3 8
1 6 1
2 6 1
3 6 9
t 208 81
m 3 8
1 6 0
2 5 1
3 6 8
t 207 81
m 3 8
1 6 1
2 5 2
3 6 7
t 206 81
m 3 8
1 5 1
2 5 3
3 6 8
t 205 81
m 3 8
1 5 2
2 5 2
3 5 8
t 204 81
m 3 8
1 6 2
2 5 1
3 4 8
t 203 81
m 3 8
1 6 1
2 5 0
3 4 9
t 202 81
m 3 8
1 6 2
2 6 0
3 3 9
t 201 81
m 3 8
1 5 2
2 5 0
3 3 10
t 200 81
m 3 8
1 5 1
2 4 0
3 3 9
t 199 81
m 3 8
1 6 1
2 4 1
3 2 9
t 198 81
m 3 8
1 6 0
2 4 0
3 2 8
t 197 81
m 3 8
1 6 1
2 5 0
3 1 8
t 196 81
m 3 8
1 6 2
2 5 1
3 0 8
t 195 81
m 3 8
1 6 1
2 4 1
3 0 7
t 194 81
m 3 8
1 5 1
2 5 1
3 0 6
t 193 81
m 3 8
1 6 1
2 5 0
3 0 7
t 192 81
m 3 8
1 6 2
2 5 1
3 1 7
t 191 81
m 3 8
1 7 2
2 5 0
3 0 7
t 190 81
m 3 8
1 8 2
2 5 1
3 0 8
t 189 81
m 3 8
1 7 2
2 6 1
3 0 9
t 188 81
m 3 8
1 8 2
2 5 1
3 1 9
f 2 7
t 187 81
m 3 7
1 7 2
2 5 2
3 1 10
t 186 81
m 2 7
1 6 2
2 4 2
3 1 9
t 185 91
m 2 7
1 5 2
2 4 1
3 1 8
t 184 91
m 2 7
1 6 2
2 4 0
3 1 9
t 183 91
m 2 7
1 6 3
2 5 0
3 1 8
t 182 91
m 2 7
1 5 3
2 6 0
3 0 8
t 181 91
m 2 7
1 4 3
2 6 1
3 1 8
t 180 91
m 2 7
1 4 4
2 6 0
3 0 8
t 179 91
m 2 7
1 4 5
2 5 0
3 1 8
t 178 91
m 2 7
1 4 4
2 4 0
3 1 7
t 177 91
m 2 7
1 5 4
2 5 0
3 1 8
t 176 91
m 2 7
1 5 3
2 4 0
3 1 9
t 175 91
m 2 7
1 4 3
2 3 0
3 1 10
t 174 91
m 2 7
1 5 3
2 4 0
3 2 10
t 173 91
m 2 7
1 4 3
2 3 0
3 2 9
t 172 91
m 2 7
1 5 3
2 2 0
3 2 10
t 171 91
m 2 7
1 4 3
2 1 0
3 1 10
t 170 91
m 2 7
1 5 3
2 2 0
3 2 10
t 169 91
m 2 7
1 5 2
2 3 0
3 2 9
t 168 91
m 2 7
1 4 2
2 4 0
3 2 8
t 167 91
m 2 7
1 4 1
2 4 1
3 2 9
t 166 91
m 2 7
1 4 0
2 4 2
3 1 9
t 165 91
m 2 7
1 3 0
2 5 2
3 1 10
f 9 4
t 164 91
m 2 6
1 2 0
2 6 2
3 2 10
t 163 91
m 2 5
1 1 0
2 6 3
3 3 10
t 162 96
m 2 4
1 0 0
2 6 2
3 3 9
t 161 96
m 3 4
1 0 1
2 6 3
3 2 9
t 160 96
m 4 4
1 0 2
2 6 4
3 3 9
t 159 96
m 5 4
1 0 1
2 6 3
3 2 9
t 158 96
m 6 4
1 0 0
2 5 3
3 3 9
t 157 96
m 7 4
1 0 1
2 4 3
3 4 9
t 156 102
m 8 4
1 0 0
2 4 4
3 3 9
t 155 107
m 9 4
1 0 1
2 3 4
3 4 9
t 154 117
m 9 4
1 0 2
2 4 4
3 3 9
t 153 117
m 9 4
1 0 3
2 5 4
3 3 10
t 152 117
m 9 4
1 0 4
2 5 3
3 4 10
t 151 117
m 9 4
1 1 4
2 5 2
3 4 11
t 150 117
m 9 4
1 1 5
2 5 3
3 4 12
t 149 117
m 9 4
1 2 5
2 6 3
3 4 13
t 148 117
m 9 4
1 2 6
2 6 2
3 4 12
t 147 117
m 9 4
1 3 6
2 6 3
3 3 12
t 146 117
m 9 4
1 3 5
2 6 2
3 3 13
t 145 117
m 9 4
1 3 4
2 6 1
3 3 12
t 144 117
m 9 4
1 2 4
2 6 0
3 2 12
t 143 117
m 9 4
1 1 4
2 5 0
3 1 12
f 7 4
t 142 117
m 8 4
1 0 4
2 5 1
3 1 13
t 141 117
m 7 4
1 0 5
2 5 2
3 0 13
t 140 127
m 7 4
1 0 4
2 5 3
3 0 14
t 139 127
m 7 4
1 0 5
2 4 3
3 0 13
t 138 127
m 7 4
1 0 4
2 4 2
3 1 13
t 137 127
m 7 4
1 0 5
2 4 3
3 1 12
t 136 127
m 7 4
1 0 4
2 4 2
3 1 11
f 9 0
t 135 127
m 8 4
1 1 4
2 4 1
3 1 10
t 134 127
m 9 4
1 1 5
2 4 2
3 1 11
t 133 127
m 9 3
1 1 4
2 4 3
3 0 11
t 132 127
m 9 2
1 1 5
2 4 2
3 0 10
t 131 127
m 9 1
1 1 4
2 5 2
3 0 11
t 130 127
m 9 0
1 2 4
2 6 2
3 1 11
t 129 137
m 9 0
1 3 4
2 5 2
3 1 10
t 128 137
m 9 0
1 2 4
2 4 2
3 0 10
t 127 137
m 9 0
1 2 5
2 4 1
3 1 10
t 126 137
m 9 0
1 2 4
2 4 2
3 2 10
t 125 137
m 9 0
1 3 4
2 4 1
3 2 9
t 124 137
m 9 0
1 3 5
2 5 1
3 2 10
t 123 137
m 9 0
1 2 5
2 5 0
3 2 9
t 122 137
m 9 0
1 1 5
2 5 1
3 3 9
t 121 137
m 9 0
1 2 5
2 5 2
3 4 9
f 3 13
t 120 137
m 9 1
1 2 6
2 4 2
3 4 8
t 119 137
m 9 2
1 1 6
2 5 2
3 4 9
t 118 137
m 8 2
1 2 6
2 5 3
3 4 8
t 117 137
m 7 2
1 1 6
2 4 3
3 3 8
t 116 137
m 6 2
1 2 6
2 4 4
3 4 8
t 115 137
m 6 3
1 2 5
2 4 5
3 4 7
t 114 137
m 5 3
1 2 6
2 4 6
3 5 7
t 113 137
m 4 3
1 1 6
2 3 6
3 5 8
t 112 143
m 4 4
1 1 7
2 3 5
3 5 7
t 111 143
m 4 5
1 1 8
2 3 6
3 5 8
t 110 143
m 3 5
1 0 8
2 2 6
3 6 8
t 109 143
m 3 6
1 0 7
2 1 6
3 6 7
t 108 143
m 3 7
1 0 8
2 1 5
3 6 8
t 107 143
m 3 8
1 0 9
2 0 5
3 6 9
t 106 143
m 3 9
1 0 8
2 1 5
3 6 10
t 105 143
m 3 10
1 0 9
2 1 4
3 6 9
t 104 143
m 3 11
1 0 8
2 1 5
3 6 10
t 103 143
m 3 12
1 0 7
2 2 5
3 6 9
t 102 143
m 3 13
1 1 7
2 1 5
3 7 9
t 101 153
m 3 13
1 2 7
2 1 6
3 8 9
t 100 153
m 3 13
1 3 7
2 2 6
3 8 8
t 99 153
m 3 13
1 2 7
2 2 7
3 7 8
t 98 153
m 3 13
1 2 6
2 3 7
3 7 9
f 1 13
t 97 153
m 2 13
1 2 7
2 2 7
3 8 9
t 96 158
m 1 13
1 2 6
2 2 6
3 7 9
t 95 168
m 1 13
1 3 6
2 3 6
3 6 9
t 94 168
m 1 13
1 2 6
2 2 6
3 6 10
t 93 168
m 1 13
1 2 5
2 3 6
3 6 9
f 1 4
t 92 168
m 1 12
1 1 5
2 3 7
3 7 9
t 91 168
m 1 11
1 2 5
2 3 6
3 7 8
t 90 168
m 1 10
1 2 4
2 2 6
3 7 7
t 89 168
m 1 9
1 1 4
2 2 7
3 7 6
t 88 168
m 1 8
1 1 5
2 3 7
3 8 6
t 87 168
m 1 7
1 2 5
2 3 6
3 8 7
t 86 174
m 1 6
1 2 6
2 4 6
3 9 7
t 85 174
m 1 5
1 2 5
2 3 6
3 9 6
t 84 174
m 1 4
1 2 4
2 3 7
3 9 7
t 83 184
m 1 4
1 3 4
2 3 8
3 9 8
t 82 184
m 1 4
1 3 5
2 4 8
3 9 9
t 81 184
m 1 4
1 4 5
2 3 8
3 8 9
t 80 184
m 1 4
1 4 6
2 3 7
3 8 8
t 79 184
m 1 4
1 4 7
2 2 7
3 7 8
t 78 184
m 1 4
1 4 8
2 2 6
3 7 7
t 77 184
m 1 4
1 3 8
2 1 6
3 6 7
t 76 184
m 1 4
1 2 8
2 1 7
3 7 7
f 3 8
t 75 184
m 2 4
1 1 8
2 1 6
3 8 7
t 74 184
m 3 4
1 2 8
2 1 7
3 8 6
t 73 184
m 3 5
1 2 9
2 1 6
3 8 7
t 72 184
m 3 6
1 3 9
2 1 5
3 7 7
t 71 184
m 3 7
1 3 10
2 2 5
3 7 8
t 70 184
m 3 8
1 3 11
2 3 5
3 6 8
t 69 194
m 3 8
1 2 11
2 3 6
3 5 8
t 68 194
m 3 8
1 2 10
2 3 7
3 5 7
t 67 194
m 3 8
1 1 10
2 2 7
3 5 8
t 66 194
m 3 8
1 0 10
2 2 8
3 6 8
f 9 2
t 65 194
m 3 7
1 1 10
2 1 8
3 6 7
t 64 194
m 3 6
1 0 10
2 0 8
3 6 8
t 63 194
m 3 5
1 0 11
2 0 7
3 5 8
t 62 194
m 3 4
1 0 10
2 1 7
3 6 8
t 61 194
m 4 4
1 0 9
2 0 7
3 5 8
t 60 194
m 4 3
1 1 9
2 0 6
3 5 7
t 59 194
m 4 2
1 1 10
2 0 7
3 5 8
t 58 200
m 5 2
1 2 10
2 1 7
3 5 7
t 57 200
m 6 2
1 3 10
2 1 6
3 6 7
t 56 200
m 7 2
1 4 10
2 1 5
3 7 7
t 55 200
m 8 2
1 4 11
2 1 6
3 7 6
t 54 200
m 9 2
1 3 11
2 1 7
3 7 5
t 53 210
m 9 2
1 2 11
2 0 7
3 7 4
t 52 210
m 9 2
1 2 10
2 0 6
3 7 5
t 51 210
m 9 2
1 2 9
2 1 6
3 7 6
t 50 210
m 9 2
1 1 9
2 0 6
3 8 6
t 49 210
m 9 2
1 1 8
2 1 6
3 7 6
t 48 210
m 9 2
1 1 9
2 1 5
3 7 7
t 47 210
m 9 2
1 2 9
2 0 5
3 6 7
t 46 210
m 9 2
1 3 9
2 0 4
3 5 7
t 45 210
m 9 2
1 3 10
2 0 3
3 6 7
t 44 210
m 9 2
1 2 10
2 0 4
3 6 8
t 43 210
m 9 2
1 2 9
2 0 5
3 5 8
t 42 210
m 9 2
1 3 9
2 0 6
3 5 7
t 41 210
m 9 2
1 4 9
2 1 6
3 5 8
t 40 210
m 9 2
1 4 8
2 0 6
3 6 8
t 39 210
m 9 2
1 4 7
2 1 6
3 5 8
t 38 210
m 9 2
1 3 7
2 0 6
3 4 8
t 37 210
m 9 2
1 4 7
2 0 7
3 3 8
t 36 210
m 9 2
1 4 6
2 1 7
3 3 9
t 35 210
m 9 2
1 4 5
2 1 8
3 2 9
t 34 210
m 9 2
1 4 6
2 0 8
3 2 10
t 33 210
m 9 2
1 4 5
2 0 7
3 3 10
t 32 210
m 9 2
1 3 5
2 1 7
3 3 11
t 31 210
m 9 2
1 3 6
2 1 6
3 3 12
t 30 210
m 9 2
1 3 5
2 1 7
3 2 12
t 29 210
m 9 2
1 3 4
2 1 8
3 1 12
t 28 210
m 9 2
1 3 5
2 0 8
3 2 12
t 27 210
m 9 2
1 2 5
2 1 8
3 3 12
t 26 210
m 9 2
1 2 6
2 0 8
3 3 13
t 25 210
m 9 2
1 1 6
2 1 8
3 4 13
t 24 210
m 9 2
1 1 5
2 2 8
3 3 13
t 23 210
m 9 2
1 1 4
2 3 8
3 4 13
t 22 210
m 9 2
1 0 4
2 4 8
3 4 14
t 21 210
m 9 2
1 0 5
2 4 9
3 4 13
t 20 210
m 9 2
1 1 5
2 3 9
3 4 12
t 19 210
m 9 2
1 0 5
2 4 9
3 4 13
t 18 210
m 9 2
1 0 4
2 4 10
3 4 12
t 17 210
m 9 2
1 1 4
2 4 9
3 4 11
t 16 210
m 9 2
1 0 4
2 4 8
3 4 12
t 15 210
m 9 2
1 0 5
2 5 8
3 3 12
t 14 210
m 9 2
1 0 4
2 5 7
3 3 11
t 13 210
m 9 2
1 0 3
2 6 7
3 2 11
t 12 210
m 9 2
1 0 2
2 7 7
3 2 12
t 11 210
m 9 2
1 0 3
2 6 7
3 1 12
t 10 210
m 9 2
1 0 4
2 6 8
3 2 12
t 9 210
m 9 2
1 0 5
2 6 7
3 2 13
t 8 210
m 9 2
1 0 4
2 5 7
3 2 12
t 7 210
m 9 2
1 1 4
2 5 8
3 2 11
t 6 210
m 9 2
1 2 4
2 6 8
3 1 11
t 5 210
m 9 2
1 2 5
2 5 8
3 0 11
t 4 210
m 9 2
1 3 5
2 5 7
3 0 10
t 3 210
m 9 2
1 3 6
2 6 7
3 0 9
t 2 210
m 9 2
1 3 5
2 7 7
3 0 8
t 1 210
m 9 2
1 2 5
2 7 6
3 0 9
t 0 210
