30
20
m 0 19
1 29 0
2 29 0
3 29 0
w 7 19
w 8 19
w 9 19
w 10 19
w 11 19
w 12 19
w 13 19
w 14 19
w 15 19
w 16 19
w 26 19
w 27 19
w 28 19
w 29 19
w 3 18
w 4 18
w 5 18
w 7 18
w 8 18
w 9 18
w 10 18
w 11 18
w 12 18
w 13 18
w 14 18
w 18 18
w 22 18
w 23 18
w 24 18
w 26 18
w 27 18
w 28 18
w 29 18
w 3 17
w 7 17
w 8 17
w 9 17
w 10 17
w 11 17
w 12 17
w 13 17
p 14 17
p 16 17
p 18 17
p 20 17
p 22 17
p 27 17
p 28 17
w 29 17
p 5 16
p 8 16
p 9 16
w 15 16
w 16 16
p 21 16
p 22 16
p 26 16
p 27 16
p 28 16
w 29 16
w 1 15
w 2 15
w 4 15
w 5 15
w 6 15
w 7 15
w 8 15
w 9 15
w 10 15
p 12 15
p 14 15
w 20 15
w 21 15
w 25 15
w 26 15
w 27 15
w 29 15
w 1 14
w 2 14
p 3 14
w 4 14
p 7 14
p 14 14
w 29 14
p 1 13
w 2 13
w 7 13
p 8 13
w 9 13
w 10 13
p 13 13
w 23 13
p 24 13
w 25 13
w 26 13
w 27 13
w 29 13
w 2 12
p 4 12
w 7 12
w 9 12
w 10 12
p 13 12
w 18 12
p 23 12
p 24 12
p 28 12
w 29 12
w 2 11
w 3 11
p 6 11
w 7 11
w 12 11
w 13 11
p 14 11
w 15 11
p 16 11
w 18 11
w 20 11
p 21 11
w 22 11
w 23 11
p 24 11
p 27 11
w 29 11
p 1 10
w 2 10
w 3 10
w 9 10
p 11 10
p 20 10
w 22 10
w 23 10
w 25 10
w 26 10
w 29 10
w 2 9
w 3 9
w 5 9
p 6 9
p 8 9
w 9 9
w 11 9
w 13 9
w 14 9
p 15 9
w 16 9
p 17 9
w 18 9
w 22 9
p 23 9
p 24 9
p 26 9
p 1 8
w 2 8
w 3 8
p 4 8
w 5 8
p 6 8
w 8 8
w 9 8
w 11 8
p 12 8
p 14 8
w 16 8
w 18 8
p 19 8
p 20 8
p 21 8
p 23 8
p 25 8
p 26 8
w 27 8
w 28 8
p 1 7
w 3 7
p 4 7
w 5 7
p 6 7
w 7 7
w 8 7
w 9 7
w 11 7
p 13 7
w 14 7
p 15 7
w 16 7
w 18 7
p 19 7
w 20 7
p 22 7
p 23 7
w 24 7
p 26 7
w 27 7
w 28 7
w 3 6
w 5 6
w 7 6
w 8 6
w 9 6
w 11 6
p 14 6
w 16 6
w 18 6
w 24 6
w 27 6
p 8 5
p 13 5
p 15 5
w 16 5
w 24 5
w 27 5
p 28 5
p 5 4
p 10 4
p 13 4
p 16 4
p 20 4
p 21 4
p 22 4
w 24 4
w 1 3
w 2 3
w 3 3
w 4 3
w 5 3
w 6 3
w 7 3
p 9 3
p 10 3
w 11 3
p 16 3
p 18 3
p 19 3
w 20 3
w 22 3
w 24 3
w 26 3
w 27 3
p 28 3
p 7 2
p 10 2
w 11 2
p 12 2
p 20 2
w 22 2
w 24 2
w 26 2
w 27 2
w 1 1
w 2 1
w 3 1
p 4 1
p 6 1
p 7 1
p 9 1
w 11 1
p 12 1
w 13 1
w 14 1
w 16 1
p 17 1
w 18 1
p 19 1
w 20 1
w 22 1
p 25 1
w 26 1
w 27 1
w 28 1
w 13 0
w 14 0
t 1200 0
m 0 19
1 28 0
2 28 0
3 29 1
t 1199 0
m 1 19
1 27 0
2 27 0
3 29 0
t 1198 0
m 2 19
1 26 0
2 28 0
3 28 0
t 1197 0
m 3 19
1 27 0
2 29 0
3 29 0
t 1196 0
m 4 19
1 26 0
2 29 1
3 28 0
t 1195 0
m 5 19
1 25 0
2 29 2
3 27 0
t 1194 0
m 4 19
1 26 0
2 29 3
3 26 0
t 1193 0
m 4 19
1 27 0
2 29 2
3 27 0
t 1192 0
m 3 19
1 28 0
2 29 1
3 26 0
t 1191 0
m 3 19
1 29 0
2 29 0
3 25 0
t 1190 0
m 3 19
1 29 1
2 28 0
3 24 0
t 1189 0
m 2 19
1 29 0
2 29 0
3 23 0
t 1188 0
m 2 18
1 28 0
2 28 0
3 22 0
t 1187 0
m 2 17
1 29 0
2 29 0
3 21 0
t 1186 0
m 2 17
1 28 0
2 28 0
3 20 0
t 1185 0
m 2 16
1 29 0
2 27 0
3 19 0
t 1184 0
m 3 16
1 28 0
2 28 0
3 18 0
t 1183 0
m 4 16
1 29 0
2 27 0
3 17 0
t 1182 0
m 5 16
1 29 1
2 26 0
3 17 1
t 1181 1
m 5 17
1 29 0
2 27 0
3 17 2
t 1180 1
m 4 17
1 29 1
2 26 0
3 17 1
t 1179 1
m 4 17
1 29 2
2 25 0
3 17 0
t 1178 1
m 4 16
1 29 3
2 25 1
3 17 1
t 1177 1
m 4 16
1 28 3
2 25 2
3 17 2
t 1176 1
m 4 17
1 28 4
2 25 3
3 16 2
t 1175 1
m 4 17
1 28 3
2 25 2
3 16 3
t 1174 1
m 4 17
1 28 2
2 25 3
3 16 4
t 1173 1
m 4 17
1 28 3
2 25 2
3 17 4
t 1172 1
m 5 17
1 29 3
2 25 3
3 18 4
t 1171 1
m 5 17
1 29 2
2 25 4
3 17 4
t 1170 1
m 4 17
1 28 2
2 26 4
3 18 4
t 1169 1
m 4 17
1 29 2
2 25 4
3 19 4
t 1168 1
m 4 16
1 29 1
2 25 5
3 18 4
t 1167 1
m 4 16
1 29 0
2 25 4
3 17 4
t 1166 1
m 5 16
1 29 1
2 26 4
3 16 4
f 11 0
t 1165 1
m 6 16
1 29 0
2 25 4
3 16 3
t 1164 1
m 6 16
1 29 1
2 25 3
3 16 2
t 1163 1
m 7 16
1 29 2
2 25 2
3 16 3
t 1162 1
m 7 16
1 28 2
2 25 3
3 15 3
t 1161 1
m 8 16
1 28 3
2 25 2
3 15 4
t 1160 2
m 9 16
1 28 4
2 25 3
3 15 3
t 1159 3
m 10 16
1 27 4
2 25 4
3 14 3
t 1158 3
m 10 16
1 26 4
2 25 3
3 14 4
t 1157 3
m 11 16
1 26 5
2 25 2
3 14 3
t 1156 3
m 11 16
1 25 5
2 25 1
3 14 4
t 1155 3
m 11 15
1 25 6
2 25 0
3 14 5
t 1154 3
m 11 14
1 26 6
2 24 0
3 15 5
t 1153 3
m 11 13
1 25 6
2 23 0
3 15 4
t 1152 3
m 11 12
1 25 7
2 23 1
3 16 4
t 1151 3
m 11 11
1 25 6
2 23 0
3 15 4
t 1150 3
m 11 10
1 26 6
2 23 1
3 15 3
t 1149 4
m 11 10
1 26 7
2 23 2
3 15 2
t 1148 4
m 11 10
1 26 8
2 23 3
3 14 2
t 1147 4
m 11 10
1 26 7
2 23 2
3 15 2
t 1146 4
m 11 10
1 26 8
2 23 1
3 15 3
t 1145 4
m 11 10
1 25 8
2 23 0
3 16 3
t 1144 4
m 11 10
1 25 7
2 22 0
3 17 3
t 1143 4
m 11 10
1 26 7
2 23 0
3 18 3
t 1142 4
m 11 10
1 25 7
2 22 0
3 18 2
t 1141 4
m 11 11
1 25 8
2 23 0
3 17 2
t 1140 4
m 11 10
1 25 7
2 22 0
3 17 3
t 1139 4
m 11 10
1 25 6
2 21 0
3 18 3
t 1138 4
m 10 10
1 26 6
2 22 0
3 18 2
t 1137 4
m 11 10
1 26 7
2 21 0
3 17 2
t 1136 4
m 11 10
1 25 7
2 20 0
3 17 3
t 1135 4
m 11 11
1 25 8
2 19 0
3 16 3
t 1134 4
m 11 10
1 24 8
2 20 0
3 16 2
t 1133 4
m 11 10
1 25 8
2 19 0
3 15 2
t 1132 4
m 10 10
1 26 8
2 18 0
3 16 2
t 1131 4
m 11 10
1 25 8
2 17 0
3 17 2
t 1130 4
m 11 10
1 26 8
2 17 1
3 18 2
t 1129 4
m 10 10
1 26 9
2 17 2
3 17 2
t 1128 4
m 10 9
1 25 9
2 17 1
3 17 1
t 1127 4
m 10 8
1 26 9
2 17 2
3 17 0
t 1126 4
m 10 9
1 27 9
2 18 2
3 18 0
t 1125 4
m 10 8
1 26 9
2 19 2
3 19 0
t 1124 4
m 10 7
1 26 8
2 20 2
3 20 0
t 1123 4
m 10 7
1 26 9
2 21 2
3 21 0
t 1122 4
m 10 7
1 27 9
2 21 1
3 22 0
t 1121 4
m 10 6
1 28 9
2 21 2
3 23 0
t 1120 4
m 10 6
1 28 10
2 21 3
3 23 1
t 1119 4
m 10 6
1 28 9
2 21 4
3 23 2
t 1118 4
m 10 5
1 29 9
2 22 4
3 23 1
t 1117 4
m 10 6
1 28 9
2 22 5
3 23 0
t 1116 4
m 10 6
1 27 9
2 22 4
3 23 1
t 1115 4
m 10 5
1 26 9
2 22 5
3 23 0
t 1114 4
m 11 5
1 25 9
2 21 5
3 23 1
t 1113 4
m 11 4
1 24 9
2 22 5
3 23 0
t 1112 4
m 10 4
1 23 9
2 22 4
3 22 0
t 1111 5
m 11 4
1 23 8
2 22 5
3 23 0
t 1110 5
m 11 4
1 22 8
2 23 5
3 24 0
t 1109 5
m 10 4
1 21 8
2 22 5
3 25 0
t 1108 5
m 10 3
1 22 8
2 23 5
3 25 1
t 1107 6
m 10 3
1 23 8
2 23 6
3 25 2
t 1106 6
m 10 2
1 23 7
2 23 7
3 25 1
t 1105 7
m 10 1
1 22 7
2 23 6
3 25 0
t 1104 7
m 10 0
1 22 6
2 22 6
3 25 1
t 1103 7
m 10 0
1 23 6
2 23 6
3 25 0
t 1102 7
m 10 1
1 23 7
2 23 7
3 25 1
t 1101 7
m 10 0
1 23 6
2 23 6
3 25 2
t 1100 7
m 9 0
1 23 7
2 22 6
3 25 1
t 1099 7
m 10 0
1 23 8
2 23 6
3 24 1
t 1098 7
m 10 0
1 22 8
2 23 7
3 23 1
t 1097 7
m 10 0
1 22 7
2 23 6
3 23 0
t 1096 7
m 9 0
1 22 6
2 23 7
3 23 1
t 1095 7
m 10 0
1 22 5
2 22 7
3 24 1
t 1094 7
m 11 0
1 23 5
2 22 6
3 23 1
t 1093 17
m 11 0
1 23 6
2 23 6
3 23 2
t 1092 17
m 11 0
1 23 5
2 23 5
3 23 3
t 1091 17
m 11 0
1 23 6
2 23 6
3 23 4
t 1090 17
m 10 0
1 23 5
2 22 6
3 22 4
t 1089 17
m 9 0
1 22 5
2 23 6
3 23 4
t 1088 17
m 8 0
1 21 5
2 23 7
3 23 3
t 1087 17
m 8 0
1 20 5
2 23 8
3 23 4
t 1086 17
m 7 0
1 20 4
2 23 9
3 22 4
t 1085 17
m 8 0
1 19 4
2 23 8
3 22 5
t 1084 17
m 9 0
1 20 4
2 23 7
3 22 6
t 1083 17
m 9 0
1 19 4
2 23 6
3 22 7
t 1082 17
m 10 0
1 19 5
2 22 6
3 23 7
t 1081 17
m 9 0
1 20 5
2 23 6
3 22 7
t 1080 17
m 10 0
1 20 6
2 23 7
3 23 7
t 1079 17
m 11 0
1 21 6
2 22 7
3 23 8
t 1078 17
m 10 0
1 21 5
2 23 7
3 23 7
t 1077 17
m 9 0
1 22 5
2 22 7
3 23 8
t 1076 17
m 10 0
1 22 4
2 22 6
3 23 7
t 1075 17
m 11 0
1 22 5
2 23 6
3 22 7
t 1074 17
m 12 0
1 22 6
2 23 5
3 22 8
t 1073 17
m 11 0
1 22 7
2 23 6
3 21 8
t 1072 17
m 10 0
1 22 6
2 23 7
3 22 8
t 1071 17
m 11 0
1 22 5
2 22 7
3 22 7
t 1070 17
m 11 0
1 21 5
2 23 7
3 22 6
t 1069 17
m 10 0
1 22 5
2 22 7
3 21 6
f 9 14
t 1068 17
m 9 0
1 23 5
2 21 7
3 22 6
t 1067 17
m 9 0
1 22 5
2 21 8
3 22 7
t 1066 17
m 9 1
1 22 4
2 21 7
3 23 7
t 1065 18
m 9 2
1 21 4
2 22 7
3 22 7
t 1064 18
m 9 3
1 21 5
2 22 8
3 22 8
t 1063 19
m 9 4
1 20 5
2 22 7
3 22 7
t 1062 19
m 9 5
1 20 6
2 22 6
3 23 7
t 1061 19
m 9 5
1 21 6
2 22 5
3 22 7
t 1060 19
m 9 5
1 21 5
2 22 4
3 22 8
t 1059 19
m 9 5
1 20 5
2 21 4
3 22 7
t 1058 19
m 9 5
1 20 6
2 21 3
3 21 7
t 1057 19
m 9 4
1 21 6
2 21 2
3 21 8
t 1056 19
m 9 5
1 21 5
2 21 3
3 21 9
t 1055 19
m 8 5
1 21 4
2 21 2
3 21 8
t 1054 20
m 9 5
1 21 5
2 21 1
3 21 9
t 1053 20
m 9 5
1 21 4
2 21 0
3 21 10
t 1052 20
m 9 5
1 20 4
2 22 0
3 21 11
t 1051 20
m 9 5
1 19 4
2 23 0
3 21 12
t 1050 20
m 8 5
1 18 4
2 22 0
3 20 12
t 1049 20
m 9 5
1 17 4
2 23 0
3 20 13
t 1048 20
m 9 5
1 16 4
2 23 1
3 21 13
t 1047 20
m 9 5
1 17 4
2 24 1
3 21 14
t 1046 20
m 9 5
1 17 3
2 24 0
3 21 13
t 1045 20
m 9 5
1 17 4
2 23 0
3 22 13
t 1044 20
m 9 5
1 17 3
2 22 0
3 21 13
t 1043 20
m 9 5
1 18 3
2 21 0
3 21 12
t 1042 20
m 9 5
1 19 3
2 21 1
3 21 13
t 1041 20
m 9 5
1 19 2
2 21 0
3 20 13
t 1040 20
m 9 5
1 19 3
2 21 1
3 20 12
t 1039 20
m 9 5
1 19 2
2 21 2
3 19 12
t 1038 20
m 9 5
1 19 1
2 20 2
3 19 13
t 1037 20
m 9 5
1 19 2
2 19 2
3 19 12
t 1036 20
m 9 5
1 20 2
2 19 1
3 19 11
t 1035 20
m 9 5
1 19 2
2 19 0
3 19 12
t 1034 20
m 9 5
1 18 2
2 18 0
3 19 13
t 1033 20
m 9 5
1 18 3
2 17 0
3 19 12
t 1032 20
m 9 5
1 18 4
2 16 0
3 19 11
t 1031 20
m 9 5
1 18 3
2 15 0
3 19 10
t 1030 20
m 9 5
1 17 3
2 15 1
3 19 9
t 1029 20
m 9 5
1 17 4
2 15 0
3 19 8
t 1028 20
m 9 5
1 16 4
2 15 1
3 20 8
t 1027 20
m 9 5
1 15 4
2 15 0
3 21 8
t 1026 20
m 9 5
1 14 4
2 16 0
3 20 8
t 1025 20
m 9 5
1 14 3
2 15 0
3 19 8
t 1024 20
m 9 5
1 15 3
2 15 1
3 19 7
t 1023 20
m 9 5
1 15 2
2 15 2
3 19 6
t 1022 20
m 9 5
1 15 3
2 14 2
3 20 6
t 1021 20
m 9 5
1 16 3
2 14 3
3 21 6
t 1020 20
m 9 5
1 17 3
2 13 3
3 21 5
t 1019 20
m 8 5
1 18 3
2 14 3
3 21 4
t 1018 20
m 9 5
1 18 4
2 13 3
3 20 4
t 1017 20
m 9 5
1 19 4
2 12 3
3 21 4
t 1016 20
m 9 5
1 19 3
2 12 4
3 20 4
t 1015 20
m 8 5
1 18 3
2 12 3
3 21 4
t 1014 20
m 9 5
1 18 4
2 13 3
3 21 3
t 1013 20
m 9 5
1 17 4
2 13 4
3 21 2
t 1012 20
m 9 4
1 17 3
2 12 4
3 21 1
t 1011 20
m 9 5
1 18 3
2 12 3
3 21 2
t 1010 20
m 9 5
1 19 3
2 13 3
3 21 3
t 1009 20
m 9 5
1 19 2
2 13 4
3 21 2
t 1008 20
m 9 5
1 19 3
2 13 5
3 20 2
t 1007 20
m 9 5
1 18 3
2 12 5
3 19 2
t 1006 20
m 10 5
1 19 3
2 11 5
3 19 3
t 1005 20
m 10 6
1 19 2
2 11 4
3 19 2
t 1004 20
m 10 7
1 20 2
2 10 4
3 20 2
t 1003 20
m 10 8
1 19 2
2 10 3
3 21 2
t 1002 20
m 10 9
1 18 2
2 10 2
3 21 3
t 1001 20
m 10 10
1 19 2
2 10 1
3 21 2
t 1000 20
m 10 11
1 18 2
2 9 1
3 21 1
t 999 20
m 11 11
1 19 2
2 10 1
3 21 2
t 998 20
m 11 12
1 18 2
2 10 2
3 21 1
t 997 20
m 11 12
1 17 2
2 9 2
3 21 0
t 996 20
m 11 13
1 17 1
2 9 1
3 20 0
t 995 20
m 11 14
1 17 0
2 8 1
3 21 0
t 994 20
m 11 14
1 18 0
2 7 1
3 22 0
t 993 20
m 10 14
1 17 0
2 8 1
3 21 0
t 992 20
m 10 14
1 18 0
2 8 0
3 21 1
t 991 20
m 9 14
1 17 0
2 9 0
3 21 0
t 990 30
m 8 14
1 18 0
2 9 1
3 20 0
t 989 30
m 9 14
1 19 0
2 9 0
3 19 0
t 988 30
m 10 14
1 20 0
2 10 0
3 19 1
t 987 30
m 9 14
1 19 0
2 9 0
3 19 0
t 986 30
m 10 14
1 20 0
2 8 0
3 20 0
t 985 30
m 10 14
1 21 0
2 8 1
3 21 0
t 984 30
m 9 14
1 21 1
2 8 2
3 21 1
t 983 30
m 10 14
1 21 2
2 9 2
3 21 0
t 982 30
m 10 14
1 21 1
2 9 1
3 20 0
t 981 30
m 10 14
1 21 0
2 9 2
3 21 0
t 980 30
m 10 14
1 20 0
2 9 1
3 22 0
t 979 30
m 9 14
1 21 0
2 9 0
3 23 0
t 978 30
m 10 14
1 20 0
2 9 1
3 24 0
t 977 30
m 11 14
1 19 0
2 8 1
3 25 0
t 976 30
m 11 14
1 18 0
2 8 2
3 25 1
t 975 30
m 10 14
1 19 0
2 8 1
3 25 0
t 974 30
m 11 14
1 19 1
2 7 1
3 26 0
t 973 30
m 11 15
1 19 2
2 8 1
3 27 0
t 972 30
m 11 16
1 20 2
2 7 1
3 28 0
t 971 30
m 11 16
1 19 2
2 7 2
3 27 0
t 970 30
m 11 15
1 19 3
2 7 1
3 26 0
t 969 30
m 11 14
1 19 2
2 8 1
3 27 0
t 968 30
m 10 14
1 19 1
2 8 2
3 26 0
t 967 30
m 10 14
1 19 2
2 8 1
3 25 0
t 966 30
m 9 14
1 19 1
2 8 0
3 26 0
t 965 30
m 9 14
1 19 0
2 9 0
3 27 0
t 964 30
m 8 14
1 18 0
2 10 0
3 26 0
t 963 30
m 9 14
1 17 0
2 9 0
3 27 0
t 962 30
m 8 14
1 16 0
2 8 0
3 26 0
t 961 30
m 9 14
1 17 0
2 7 0
3 27 0
t 960 30
m 10 14
1 17 1
2 6 0
3 26 0
t 959 30
m 9 14
1 17 2
2 7 0
3 25 0
t 958 30
m 8 14
1 18 2
2 8 0
3 26 0
t 957 30
m 9 14
1 17 2
2 7 0
3 27 0
t 956 30
m 10 14
1 17 3
2 7 1
3 26 0
t 955 30
m 9 14
1 16 3
2 8 1
3 25 0
t 954 30
m 10 14
1 16 4
2 8 0
3 26 0
t 953 30
m 9 14
1 17 4
2 7 0
3 27 0
t 952 30
m 10 14
1 17 3
2 8 0
3 28 0
t 951 30
m 10 14
1 17 4
2 8 1
3 29 0
t 950 30
m 10 14
1 17 3
2 8 0
3 28 0
t 949 30
m 10 14
1 16 3
2 9 0
3 27 0
t 948 30
m 10 14
1 16 4
2 10 0
3 26 0
t 947 30
m 9 14
1 15 4
2 11 0
3 27 0
t 946 30
m 8 14
1 14 4
2 10 0
3 28 0
t 945 30
m 9 14
1 14 5
2 11 0
3 27 0
t 944 30
m 10 14
1 14 4
2 10 0
3 28 0
t 943 30
m 9 14
1 15 4
2 10 1
3 27 0
t 942 30
m 8 14
1 14 4
2 9 1
3 28 0
t 941 30
m 9 14
1 13 4
2 9 0
3 27 0
t 940 30
m 8 14
1 13 3
2 10 0
3 26 0
t 939 30
m 9 14
1 12 3
2 10 1
3 27 0
t 938 30
m 9 14
1 13 3
2 10 2
3 26 0
t 937 30
m 9 14
1 14 3
2 10 3
3 27 0
t 936 30
m 9 14
1 15 3
2 9 3
3 26 0
t 935 30
m 9 14
1 14 3
2 9 2
3 27 0
t 934 30
m 9 14
1 13 3
2 8 2
3 26 0
t 933 30
m 9 14
1 12 3
2 7 2
3 27 0
t 932 30
m 9 14
1 12 2
2 8 2
3 26 0
t 931 30
m 9 14
1 13 2
2 9 2
3 27 0
t 930 30
m 9 14
1 13 3
2 10 2
3 28 0
t 929 30
m 9 14
1 14 3
2 10 1
3 27 0
t 928 30
m 9 14
1 14 2
2 10 0
3 26 0
t 927 30
m 9 14
1 15 2
2 11 0
3 27 0
t 926 30
m 8 14
1 15 3
2 10 0
3 28 0
t 925 30
m 8 13
1 14 3
2 9 0
3 27 0
t 924 31
m 8 13
1 13 3
2 9 1
3 28 0
t 923 31
m 8 14
1 12 3
2 9 0
3 27 0
t 922 31
m 8 13
1 13 3
2 10 0
3 26 0
t 921 31
m 8 13
1 13 2
2 10 1
3 25 0
t 920 31
m 8 14
1 12 2
2 10 0
3 25 1
t 919 31
m 8 14
1 12 1
2 10 1
3 25 0
t 918 31
m 9 14
1 12 0
2 10 2
3 25 1
t 917 31
m 8 14
1 12 1
2 10 1
3 25 2
t 916 31
m 9 14
1 12 0
2 9 1
3 25 1
t 915 31
m 8 14
1 12 1
2 8 1
3 25 0
t 914 31
m 9 14
1 12 0
2 8 2
3 25 1
t 913 31
m 10 14
1 12 1
2 8 1
3 25 2
t 912 31
m 9 14
1 12 0
2 8 0
3 25 3
t 911 31
m 9 14
1 12 1
2 7 0
3 25 4
t 910 31
m 10 14
1 12 2
2 6 0
3 25 3
t 909 31
m 9 14
1 12 3
2 7 0
3 25 4
t 908 31
m 9 14
1 12 4
2 8 0
3 26 4
t 907 31
m 8 14
1 11 4
2 7 0
3 27 4
t 906 31
m 9 14
1 10 4
2 8 0
3 28 4
t 905 31
m 9 14
1 10 3
2 7 0
3 27 4
t 904 31
m 9 14
1 10 4
2 8 0
3 28 4
t 903 31
m 8 14
1 10 5
2 9 0
3 28 5
t 902 31
m 7 14
1 9 5
2 8 0
3 29 5
t 901 32
m 8 14
1 10 5
2 9 0
3 28 5
t 900 32
m 8 14
1 11 5
2 9 1
3 28 6
t 899 32
m 9 14
1 12 5
2 9 2
3 29 6
t 898 32
m 10 14
1 12 4
2 9 3
3 28 6
t 897 32
m 9 14
1 11 4
2 8 3
3 29 6
t 896 32
m 9 14
1 12 4
2 9 3
3 28 6
t 895 32
m 9 14
1 13 4
2 9 2
3 29 6
t 894 32
m 9 14
1 13 5
2 8 2
3 29 5
t 893 32
m 9 14
1 13 6
2 9 2
3 29 6
t 892 32
m 9 14
1 13 7
2 8 2
3 28 6
t 891 32
m 10 14
1 13 6
2 8 3
3 28 5
t 890 32
m 9 14
1 12 6
2 9 3
3 29 5
t 889 32
m 10 14
1 12 5
2 10 3
3 29 6
t 888 32
m 9 14
1 12 4
2 10 2
3 28 6
t 887 32
m 9 14
1 12 5
2 10 1
3 29 6
t 886 32
m 8 14
1 11 5
2 9 1
3 29 5
t 885 32
m 9 14
1 12 5
2 10 1
3 29 6
t 884 32
m 9 14
1 11 5
2 9 1
3 29 5
t 883 32
m 9 14
1 12 5
2 9 2
3 28 5
t 882 32
m 9 14
1 11 5
2 9 3
3 28 6
t 881 32
m 9 14
1 12 5
2 10 3
3 29 6
t 880 32
m 9 14
1 13 5
2 9 3
3 28 6
t 879 32
m 10 14
1 13 6
2 8 3
3 29 6
t 878 32
m 9 14
1 13 7
2 9 3
3 29 7
f 18 14
t 877 32
m 10 14
1 13 6
2 8 3
3 29 8
t 876 32
m 11 14
1 13 5
2 8 4
3 29 7
t 875 32
m 12 14
1 13 4
2 8 5
3 29 6
t 874 32
m 13 14
1 13 5
2 8 4
3 29 5
t 873 32
m 14 14
1 13 4
2 8 3
3 28 5
t 872 33
m 15 14
1 14 4
2 8 2
3 29 5
t 871 33
m 16 14
1 14 5
2 7 2
3 29 4
t 870 33
m 17 14
1 14 4
2 6 2
3 29 3
t 869 33
m 18 14
1 14 5
2 6 1
3 29 4
t 868 43
m 18 14
1 14 4
2 6 2
3 29 5
t 867 43
m 18 15
1 15 4
2 7 2
3 28 5
t 866 43
m 18 14
1 15 5
2 7 1
3 29 5
t 865 43
m 19 14
1 15 4
2 8 1
3 29 4
f 8 12
t 864 43
m 18 14
1 15 5
2 7 1
3 28 4
t 863 43
m 18 13
1 15 6
2 7 2
3 27 4
t 862 43
m 17 13
1 15 7
2 6 2
3 28 4
t 861 43
m 16 13
1 15 8
2 5 2
3 27 4
t 860 43
m 16 12
1 14 8
2 5 1
3 26 4
t 859 43
m 15 12
1 13 8
2 4 1
3 25 4
t 858 43
m 14 12
1 14 8
2 4 0
3 25 5
t 857 43
m 13 12
1 15 8
2 5 0
3 25 4
t 856 44
m 12 12
1 14 8
2 4 0
3 25 3
t 855 44
m 11 12
1 15 8
2 3 0
3 25 4
t 854 44
m 11 12
1 14 8
2 4 0
3 25 5
t 853 44
m 11 12
1 13 8
2 5 0
3 26 5
t 852 44
m 11 12
1 13 7
2 5 1
3 26 4
t 851 44
m 11 12
1 13 6
2 5 2
3 27 4
t 850 44
m 11 13
1 12 6
2 6 2
3 28 4
t 849 44
m 11 12
1 12 5
2 6 1
3 27 4
t 848 44
m 11 12
1 11 5
2 5 1
3 26 4
t 847 44
m 11 12
1 12 5
2 4 1
3 27 4
t 846 44
m 11 12
1 13 5
2 4 0
3 28 4
t 845 44
m 11 13
1 14 5
2 5 0
3 29 4
t 844 44
m 11 12
1 13 5
2 4 0
3 29 5
t 843 44
m 11 12
1 14 5
2 3 0
3 28 5
t 842 44
m 11 12
1 14 4
2 4 0
3 28 4
t 841 44
m 11 11
1 13 4
2 5 0
3 27 4
t 840 44
m 11 12
1 12 4
2 4 0
3 26 4
t 839 44
m 11 12
1 12 5
2 3 0
3 27 4
t 838 44
m 11 13
1 12 4
2 2 0
3 28 4
t 837 44
m 11 13
1 12 3
2 3 0
3 28 5
t 836 44
m 11 12
1 12 4
2 4 0
3 29 5
t 835 44
m 11 13
1 12 3
2 4 1
3 28 5
t 834 44
m 11 12
1 13 3
2 4 0
3 28 4
t 833 44
m 11 11
1 14 3
2 3 0
3 27 4
t 832 44
m 10 11
1 14 4
2 2 0
3 28 4
t 831 44
m 9 11
1 13 4
2 1 0
3 28 3
t 830 44
m 8 11
1 13 3
2 0 0
3 28 2
t 829 44
m 8 12
1 13 2
2 0 1
3 29 2
t 828 54
m 8 13
1 12 2
2 0 0
3 28 2
t 827 54
m 8 13
1 12 3
2 0 1
3 28 3
t 826 54
m 8 13
1 12 2
2 0 0
3 28 4
t 825 54
m 8 12
1 12 1
2 1 0
3 29 4
t 824 54
m 8 13
1 12 0
2 0 0
3 29 5
t 823 54
m 8 13
1 11 0
2 1 0
3 29 4
t 822 54
m 8 12
1 12 0
2 2 0
3 29 5
t 821 54
m 8 12
1 11 0
2 3 0
3 28 5
t 820 54
m 8 13
1 12 0
2 4 0
3 28 6
t 819 54
m 8 12
1 11 0
2 5 0
3 28 5
t 818 54
m 8 12
1 10 0
2 6 0
3 29 5
t 817 54
m 8 12
1 11 0
2 6 1
3 28 5
t 816 54
m 8 12
1 12 0
2 7 1
3 29 5
t 815 54
m 8 12
1 12 1
2 7 0
3 28 5
f 15 12
t 814 54
m 8 12
1 12 0
2 8 0
3 28 4
t 813 54
m 8 12
1 11 0
2 8 1
3 28 5
t 812 54
m 8 12
1 10 0
2 8 0
3 28 6
t 811 54
m 8 13
1 9 0
2 9 0
3 28 5
t 810 54
m 8 12
1 9 1
2 9 1
3 29 5
t 809 54
m 8 12
1 9 0
2 9 2
3 28 5
t 808 54
m 8 12
1 10 0
2 9 3
3 29 5
t 807 54
m 8 12
1 9 0
2 9 2
3 28 5
t 806 54
m 8 12
1 10 0
2 9 3
3 28 6
t 805 54
m 8 12
1 10 1
2 8 3
3 28 5
t 804 54
m 8 13
1 10 2
2 9 3
3 28 4
t 803 54
m 8 12
1 10 1
2 9 4
3 27 4
t 802 54
m 8 12
1 10 0
2 9 5
3 28 4
t 801 54
m 8 12
1 11 0
2 9 4
3 28 5
t 800 54
m 8 12
1 12 0
2 10 4
3 28 4
t 799 54
m 8 13
1 11 0
2 10 3
3 29 4
t 798 54
m 8 12
1 10 0
2 10 2
3 29 5
t 797 54
m 8 12
1 11 0
2 9 2
3 29 6
t 796 54
m 8 13
1 12 0
2 9 1
3 28 6
t 795 54
m 8 13
1 12 1
2 9 0
3 28 5
t 794 54
m 8 12
1 12 0
2 9 1
3 29 5
t 793 54
m 8 12
1 11 0
2 9 2
3 29 6
t 792 54
m 8 12
1 10 0
2 9 3
3 29 7
t 791 54
m 8 13
1 10 1
2 8 3
3 29 6
t 790 54
m 8 12
1 9 1
2 8 4
3 29 5
t 789 54
m 8 12
1 9 2
2 8 5
3 29 4
t 788 54
m 8 12
1 8 2
2 7 5
3 28 4
t 787 54
m 8 12
1 9 2
2 6 5
3 27 4
t 786 54
m 8 12
1 8 2
2 6 4
3 28 4
t 785 54
m 8 13
1 8 1
2 6 5
3 27 4
t 784 54
m 8 12
1 8 0
2 5 5
3 26 4
t 783 54
m 8 12
1 9 0
2 4 5
3 25 4
t 782 54
m 8 12
1 9 1
2 5 5
3 25 5
t 781 54
m 8 12
1 9 0
2 4 5
3 25 4
t 780 54
m 8 13
1 8 0
2 4 4
3 25 3
t 779 54
m 8 12
1 7 0
2 4 5
3 25 4
t 778 54
m 8 12
1 6 0
2 5 5
3 26 4
t 777 54
m 8 13
1 6 1
2 5 4
3 26 5
t 776 54
m 8 12
1 6 0
2 6 4
3 26 4
t 775 54
m 8 12
1 6 1
2 5 4
3 25 4
t 774 54
m 8 13
1 5 1
2 5 5
3 25 5
t 773 54
m 8 12
1 5 2
2 4 5
3 25 4
t 772 54
m 8 12
1 6 2
2 3 5
3 25 3
t 771 54
m 8 12
1 5 2
2 4 5
3 25 4
t 770 54
m 8 13
1 4 2
2 4 4
3 25 3
t 769 54
m 8 12
1 4 1
2 4 5
3 25 2
t 768 54
m 8 13
1 5 1
2 4 6
3 25 1
t 767 54
m 8 12
1 4 1
2 4 5
3 24 1
t 766 54
m 8 12
1 5 1
2 4 6
3 23 1
t 765 54
m 8 12
1 4 1
2 4 7
3 23 0
t 764 54
m 8 12
1 4 0
2 4 6
3 24 0
t 763 54
m 8 12
1 4 1
2 4 5
3 23 0
t 762 54
m 8 12
1 4 0
2 3 5
3 22 0
t 761 54
m 8 13
1 3 0
2 3 4
3 21 0
t 760 54
m 8 12
1 4 0
2 2 4
3 20 0
t 759 54
m 8 12
1 4 1
2 2 5
3 21 0
t 758 54
m 8 12
1 4 2
2 3 5
3 21 1
t 757 54
m 8 13
1 5 2
2 4 5
3 21 2
t 756 54
m 8 12
1 6 2
2 4 4
3 21 3
t 755 54
m 8 12
1 5 2
2 4 5
3 21 4
t 754 54
m 8 13
1 4 2
2 4 4
3 20 4
t 753 54
m 8 12
1 3 2
2 4 5
3 20 5
t 752 54
m 8 12
1 4 2
2 4 4
3 19 5
t 751 54
m 8 12
1 5 2
2 4 5
3 19 6
t 750 54
m 8 12
1 6 2
2 3 5
3 20 6
t 749 54
m 8 12
1 5 2
2 3 4
3 20 5
t 748 54
m 8 12
1 4 2
2 4 4
3 20 4
t 747 54
m 8 12
1 4 1
2 3 4
3 20 5
t 746 54
m 8 13
1 4 2
2 2 4
3 20 6
t 745 54
m 8 12
1 5 2
2 1 4
3 19 6
t 744 54
m 8 12
1 5 1
2 2 4
3 20 6
t 743 54
m 8 12
1 4 1
2 2 5
3 19 6
t 742 54
m 8 12
1 5 1
2 2 4
3 19 5
t 741 54
m 8 12
1 5 2
2 2 5
3 19 4
t 740 54
m 8 12
1 4 2
2 1 5
3 18 4
t 739 54
m 8 12
1 3 2
2 2 5
3 18 3
t 738 54
m 8 12
1 2 2
2 2 4
3 17 3
t 737 54
m 8 12
1 3 2
2 1 4
3 17 2
t 736 54
m 8 12
1 2 2
2 2 4
3 17 1
t 735 54
m 8 13
1 3 2
2 3 4
3 17 0
t 734 54
m 8 12
1 2 2
2 4 4
3 16 0
t 733 54
m 8 12
1 1 2
2 3 4
3 17 0
t 732 54
m 8 12
1 0 2
2 2 4
3 18 0
t 731 54
m 8 12
1 0 3
2 1 4
3 17 0
t 730 54
m 8 13
1 0 2
2 1 5
3 18 0
t 729 54
m 8 14
1 0 1
2 0 5
3 19 0
t 728 54
m 8 14
1 0 0
2 1 5
3 19 1
t 727 54
m 9 14
1 0 1
2 1 4
3 19 2
t 726 54
m 10 14
1 0 0
2 0 4
3 18 2
t 725 54
m 10 14
1 0 1
2 0 5
3 18 3
t 724 54
m 10 14
1 0 2
2 0 4
3 18 2
t 723 54
m 11 14
1 1 2
2 0 5
3 18 3
t 722 54
m 11 15
1 0 2
2 0 4
3 18 4
t 721 54
m 11 14
1 0 1
2 1 4
3 17 4
t 720 54
m 11 14
1 0 0
2 2 4
3 18 4
t 719 54
m 12 14
1 1 0
2 1 4
3 18 5
t 718 54
m 13 14
1 0 0
2 0 4
3 17 5
t 717 54
m 13 13
1 1 0
2 1 4
3 17 6
t 716 55
m 14 13
1 2 0
2 2 4
3 17 7
t 715 55
m 15 13
1 1 0
2 1 4
3 17 8
t 714 55
m 15 12
1 0 0
2 2 4
3 17 7
t 713 65
m 14 12
1 1 0
2 2 5
3 17 6
t 712 65
m 15 12
1 2 0
2 2 6
3 17 7
f 16 15
t 711 65
m 15 13
1 1 0
2 2 7
3 17 6
t 710 65
m 15 13
1 0 0
2 2 6
3 17 5
t 709 65
m 15 14
1 1 0
2 1 6
3 18 5
t 708 65
m 15 15
1 0 0
2 0 6
3 18 4
t 707 65
m 15 15
1 1 0
2 0 5
3 18 5
t 706 65
m 16 15
1 0 0
2 0 6
3 18 4
t 705 75
m 16 15
1 0 1
2 0 7
3 18 5
t 704 75
m 16 15
1 0 0
2 0 8
3 17 5
t 703 75
m 17 15
1 1 0
2 0 7
3 18 5
t 702 75
m 16 15
1 0 0
2 0 8
3 17 5
t 701 75
m 17 15
1 1 0
2 0 7
3 17 4
t 700 75
m 16 15
1 2 0
2 0 6
3 18 4
t 699 75
m 16 15
1 3 0
2 0 5
3 17 4
t 698 75
m 16 15
1 4 0
2 1 5
3 17 5
t 697 75
m 16 15
1 4 1
2 1 6
3 17 6
t 696 75
m 16 15
1 4 0
2 0 6
3 17 5
t 695 75
m 16 14
1 3 0
2 0 7
3 17 4
t 694 75
m 16 15
1 4 0
2 1 7
3 17 5
t 693 75
m 16 15
1 5 0
2 1 6
3 18 5
t 692 75
m 15 15
1 4 0
2 1 7
3 17 5
t 691 75
m 16 15
1 3 0
2 0 7
3 18 5
t 690 75
m 15 15
1 4 0
2 0 6
3 18 4
t 689 75
m 16 15
1 3 0
2 0 5
3 17 4
t 688 75
m 15 15
1 2 0
2 1 5
3 17 5
t 687 75
m 15 15
1 1 0
2 0 5
3 17 6
t 686 75
m 16 15
1 2 0
2 0 6
3 17 7
t 685 75
m 15 15
1 3 0
2 1 6
3 17 8
t 684 75
m 15 15
1 4 0
2 0 6
3 17 9
t 683 75
m 16 15
1 4 1
2 0 5
3 17 10
f 20 9
t 682 75
m 17 15
1 4 0
2 0 4
3 18 10
t 681 75
m 18 15
1 4 1
2 1 4
3 17 10
t 680 75
m 19 15
1 4 0
2 0 4
3 17 11
t 679 75
m 19 14
1 3 0
2 1 4
3 17 12
t 678 75
m 20 14
1 2 0
2 2 4
3 16 12
t 677 75
m 20 13
1 1 0
2 2 5
3 16 13
t 676 75
m 20 12
1 0 0
2 2 6
3 15 13
t 675 75
m 20 12
1 0 1
2 2 5
3 14 13
t 674 75
m 20 12
1 0 0
2 2 4
3 15 13
t 673 75
m 21 12
1 0 1
2 3 4
3 16 13
t 672 75
m 21 11
1 0 0
2 3 5
3 15 13
t 671 76
m 21 10
1 1 0
2 3 4
3 16 13
t 670 76
m 21 9
1 0 0
2 4 4
3 15 13
t 669 76
m 20 9
1 0 1
2 4 5
3 14 13
t 668 86
m 20 10
1 0 0
2 3 5
3 14 12
t 667 87
m 20 9
1 0 1
2 3 4
3 14 11
f 19 11
t 666 87
m 20 10
1 0 2
2 2 4
3 14 12
t 665 87
m 19 10
1 1 2
2 1 4
3 13 12
t 664 87
m 20 10
1 0 2
2 2 4
3 13 13
t 663 87
m 20 10
1 0 3
2 2 5
3 13 14
t 662 87
m 20 10
1 0 4
2 2 6
3 12 14
t 661 87
m 19 10
1 0 3
2 2 5
3 12 13
t 660 87
m 19 11
1 0 4
2 2 4
3 12 12
t 659 97
m 19 11
1 1 4
2 3 4
3 12 13
t 658 97
m 19 11
1 0 4
2 2 4
3 13 13
t 657 97
m 19 10
1 1 4
2 3 4
3 12 13
t 656 97
m 19 11
1 0 4
2 2 4
3 12 12
t 655 97
m 19 11
1 0 5
2 2 5
3 12 13
t 654 97
m 19 11
1 0 6
2 2 4
3 11 13
t 653 97
m 19 11
1 0 5
2 2 5
3 11 14
t 652 97
m 19 11
1 0 4
2 3 5
3 11 15
t 651 97
m 19 11
1 0 3
2 2 5
3 12 15
t 650 97
m 19 10
1 0 4
2 2 4
3 13 15
t 649 97
m 19 11
1 0 3
2 1 4
3 13 14
t 648 97
m 19 12
1 0 2
2 1 5
3 12 14
t 647 97
m 19 11
1 1 2
2 2 5
3 13 14
t 646 97
m 19 11
1 2 2
2 1 5
3 13 13
t 645 97
m 19 11
1 3 2
2 1 4
3 12 13
t 644 97
m 19 11
1 2 2
2 1 5
3 12 12
t 643 97
m 19 11
1 3 2
2 0 5
3 13 12
f 17 4
t 642 97
m 19 10
1 2 2
2 0 4
3 13 13
t 641 97
m 19 9
1 1 2
2 0 3
3 12 13
t 640 97
m 19 8
1 2 2
2 0 2
3 12 14
t 639 98
m 19 7
1 3 2
2 0 1
3 13 14
t 638 100
m 19 6
1 2 2
2 0 0
3 14 14
t 637 100
m 19 5
1 3 2
2 0 1
3 13 14
t 636 100
m 18 5
1 4 2
2 0 0
3 14 14
t 635 100
m 17 5
1 5 2
2 0 1
3 14 13
t 634 100
m 17 4
1 6 2
2 0 0
3 14 12
t 633 110
m 16 4
1 7 2
2 0 1
3 15 12
t 632 111
m 17 4
1 7 1
2 0 0
3 15 13
t 631 111
m 17 4
1 6 1
2 1 0
3 14 13
t 630 111
m 17 3
1 7 1
2 2 0
3 14 12
t 629 111
m 17 4
1 6 1
2 1 0
3 14 11
t 628 111
m 18 4
1 7 1
2 0 0
3 14 12
t 627 111
m 18 4
1 6 1
2 0 1
3 14 13
t 626 111
m 17 4
1 6 2
2 0 2
3 13 13
t 625 111
m 18 4
1 5 2
2 0 1
3 13 12
f 29 0
t 624 111
m 18 3
1 6 2
2 0 0
3 13 13
t 623 112
m 19 3
1 7 2
2 1 0
3 14 13
t 622 113
m 19 2
1 8 2
2 0 0
3 15 13
t 621 113
m 19 1
1 8 3
2 1 0
3 14 13
t 620 114
m 19 0
1 8 4
2 2 0
3 15 13
t 619 114
m 20 0
1 7 4
2 1 0
3 15 14
t 618 114
m 21 0
1 7 5
2 2 0
3 16 14
t 617 114
m 22 0
1 6 5
2 3 0
3 16 13
t 616 114
m 23 0
1 5 5
2 2 0
3 15 13
t 615 114
m 23 1
1 4 5
2 1 0
3 15 12
t 614 114
m 23 0
1 4 4
2 2 0
3 14 12
t 613 114
m 24 0
1 4 5
2 3 0
3 14 13
t 612 114
m 25 0
1 3 5
2 4 0
3 14 14
t 611 114
m 26 0
1 4 5
2 4 1
3 14 13
t 610 114
m 26 0
1 4 6
2 4 2
3 13 13
t 609 114
m 26 0
1 4 5
2 3 2
3 12 13
t 608 114
m 27 0
1 4 4
2 4 2
3 11 13
t 607 114
m 28 0
1 4 5
2 3 2
3 12 13
t 606 114
m 28 0
1 5 5
2 2 2
3 11 13
t 605 114
m 28 0
1 6 5
2 3 2
3 12 13
t 604 114
m 28 0
1 7 5
2 4 2
3 13 13
t 603 114
m 29 0
1 7 4
2 4 1
3 13 14
t 602 124
m 29 0
1 7 5
2 4 0
3 13 13
t 601 124
m 29 0
1 7 4
2 4 1
3 12 13
t 600 124
m 29 0
1 6 4
2 4 0
3 12 14
t 599 124
m 29 0
1 5 4
2 3 0
3 12 13
t 598 124
m 29 1
1 4 4
2 4 0
3 12 12
t 597 124
m 29 1
1 5 4
2 3 0
3 13 12
t 596 124
m 29 0
1 6 4
2 2 0
3 12 12
t 595 124
m 29 0
1 7 4
2 3 0
3 12 13
t 594 124
m 29 1
1 6 4
2 4 0
3 11 13
t 593 124
m 29 0
1 5 4
2 5 0
3 11 12
t 592 124
m 29 1
1 6 4
2 4 0
3 11 11
t 591 124
m 29 1
1 7 4
2 3 0
3 11 10
t 590 124
m 29 0
1 7 5
2 4 0
3 12 10
t 589 124
m 28 0
1 6 5
2 5 0
3 13 10
t 588 124
m 29 0
1 5 5
2 4 0
3 14 10
t 587 124
m 29 0
1 6 5
2 3 0
3 14 11
t 586 124
m 29 1
1 7 5
2 2 0
3 14 10
t 585 124
m 29 0
1 7 4
2 3 0
3 14 11
t 584 124
m 29 1
1 7 5
2 2 0
3 14 12
t 583 124
m 29 1
1 6 5
2 3 0
3 13 12
t 582 124
m 29 1
1 6 6
2 2 0
3 14 12
t 581 124
m 29 0
1 6 5
2 3 0
3 14 13
t 580 124
m 29 0
1 5 5
2 4 0
3 13 13
t 579 124
m 29 0
1 4 5
2 3 0
3 14 13
t 578 124
m 29 0
1 4 4
2 2 0
3 14 14
t 577 124
m 29 1
1 5 4
2 3 0
3 13 14
t 576 124
m 29 1
1 5 5
2 2 0
3 12 14
t 575 124
m 29 0
1 6 5
2 3 0
3 11 14
f 20 0
t 574 124
m 28 0
1 5 5
2 2 0
3 12 14
t 573 124
m 27 0
1 4 5
2 1 0
3 11 14
t 572 124
m 28 0
1 3 5
2 0 0
3 12 14
t 571 124
m 27 0
1 4 5
2 1 0
3 12 13
t 570 124
m 28 0
1 4 4
2 2 0
3 12 14
t 569 124
m 27 0
1 3 4
2 3 0
3 12 13
t 568 124
m 27 0
1 2 4
2 2 0
3 13 13
t 567 124
m 27 0
1 3 4
2 3 0
3 14 13
t 566 124
m 26 0
1 2 4
2 4 0
3 14 12
t 565 124
m 25 0
1 3 4
2 3 0
3 15 12
t 564 124
m 24 0
1 4 4
2 2 0
3 14 12
t 563 124
m 24 0
1 4 5
2 3 0
3 14 13
t 562 124
m 23 0
1 5 5
2 4 0
3 14 12
t 561 124
m 22 0
1 5 4
2 5 0
3 15 12
t 560 124
m 22 0
1 5 5
2 5 1
3 16 12
t 559 124
m 21 0
1 4 5
2 5 2
3 16 13
t 558 124
m 20 0
1 4 6
2 6 2
3 17 13
t 557 134
m 21 0
1 4 5
2 7 2
3 17 12
t 556 134
m 22 0
1 5 5
2 8 2
3 17 11
t 555 134
m 23 0
1 5 4
2 9 2
3 17 12
t 554 134
m 22 0
1 5 5
2 10 2
3 17 11
t 553 134
m 21 0
1 6 5
2 10 1
3 17 12
t 552 134
m 20 0
1 6 6
2 10 0
3 16 12
t 551 134
m 20 0
1 6 7
2 9 0
3 16 13
t 550 134
m 21 0
1 6 6
2 8 0
3 17 13
t 549 134
m 21 0
1 6 5
2 7 0
3 17 14
t 548 134
m 20 0
1 7 5
2 6 0
3 17 15
t 547 134
m 21 0
1 8 5
2 5 0
3 17 14
t 546 134
m 20 0
1 7 5
2 4 0
3 17 15
t 545 134
m 20 0
1 8 5
2 5 0
3 18 15
t 544 134
m 21 0
1 9 5
2 5 1
3 18 14
t 543 134
m 22 0
1 9 4
2 4 1
3 18 15
t 542 134
m 21 0
1 10 4
2 4 2
3 18 16
t 541 134
m 20 0
1 11 4
2 4 1
3 18 15
t 540 134
m 20 0
1 12 4
2 4 2
3 19 15
t 539 134
m 20 0
1 12 3
2 5 2
3 18 15
f 14 12
t 538 134
m 19 0
1 12 4
2 6 2
3 18 16
t 537 134
m 19 1
1 12 5
2 7 2
3 17 16
t 536 134
m 19 1
1 11 5
2 7 1
3 18 16
t 535 134
m 19 2
1 10 5
2 8 1
3 17 16
t 534 134
m 19 3
1 11 5
2 8 2
3 18 16
t 533 134
m 18 3
1 12 5
2 7 2
3 18 17
t 532 134
m 18 3
1 12 6
2 8 2
3 18 16
t 531 134
m 18 4
1 13 6
2 8 3
3 17 16
t 530 134
m 18 5
1 13 7
2 9 3
3 17 17
t 529 134
m 17 5
1 12 7
2 9 2
3 17 18
t 528 134
m 17 6
1 12 8
2 9 1
3 17 19
t 527 134
m 17 6
1 13 8
2 10 1
3 18 19
t 526 134
m 17 6
1 13 7
2 10 0
3 17 19
t 525 134
m 17 6
1 13 6
2 10 1
3 18 19
t 524 134
m 17 7
1 12 6
2 10 2
3 17 19
t 523 134
m 17 8
1 12 5
2 9 2
3 18 19
t 522 134
m 17 9
1 11 5
2 9 3
3 19 19
t 521 135
m 17 10
1 11 4
2 8 3
3 18 19
t 520 135
m 16 10
1 12 4
2 9 3
3 19 19
t 519 135
m 15 10
1 13 4
2 9 4
3 19 18
t 518 135
m 14 10
1 12 4
2 8 4
3 19 17
t 517 135
m 14 11
1 11 4
2 9 4
3 20 17
t 516 136
m 14 12
1 10 4
2 9 3
3 21 17
t 515 146
m 14 12
1 9 4
2 10 3
3 22 17
t 514 146
m 14 11
1 10 4
2 10 4
3 22 16
t 513 146
m 14 12
1 10 3
2 9 4
3 23 16
t 512 146
m 14 12
1 10 2
2 10 4
3 23 15
t 511 146
m 14 12
1 9 2
2 10 5
3 23 14
t 510 146
m 14 12
1 8 2
2 10 6
3 24 14
t 509 146
m 14 12
1 8 1
2 10 7
3 23 14
t 508 146
m 15 12
1 8 2
2 10 8
3 22 14
t 507 146
m 14 12
1 7 2
2 10 7
3 22 13
t 506 146
m 14 12
1 6 2
2 10 6
3 21 13
t 505 146
m 14 12
1 7 2
2 10 5
3 20 13
t 504 146
m 13 12
1 6 2
2 10 6
3 20 12
t 503 146
m 14 12
1 6 1
2 10 5
3 19 12
f 17 12
t 502 146
m 15 12
1 6 2
2 11 5
3 19 13
t 501 146
m 16 12
1 6 1
2 10 5
3 20 13
t 500 146
m 17 12
1 6 2
2 10 6
3 21 13
t 499 156
m 17 12
1 5 2
2 10 7
3 20 13
t 498 156
m 17 13
1 5 1
2 10 8
3 21 13
t 497 156
m 17 12
1 6 1
2 10 7
3 20 13
t 496 156
m 17 13
1 5 1
2 10 8
3 20 12
t 495 156
m 17 12
1 4 1
2 10 7
3 21 12
f 15 3
t 494 156
m 16 12
1 4 0
2 10 6
3 22 12
t 493 156
m 15 12
1 3 0
2 10 5
3 22 13
t 492 156
m 15 12
1 4 0
2 11 5
3 21 13
t 491 156
m 15 12
1 3 0
2 10 5
3 22 13
t 490 156
m 15 12
1 4 0
2 10 4
3 22 12
t 489 156
m 14 12
1 4 1
2 10 5
3 23 12
t 488 156
m 14 11
1 4 2
2 9 5
3 22 12
t 487 156
m 14 10
1 4 1
2 8 5
3 21 12
t 486 156
m 14 10
1 4 0
2 9 5
3 22 12
t 485 156
m 14 10
1 3 0
2 8 5
3 23 12
t 484 156
m 15 10
1 4 0
2 9 5
3 22 12
t 483 156
m 15 9
1 4 1
2 9 4
3 21 12
t 482 157
m 15 8
1 4 2
2 10 4
3 20 12
t 481 157
m 15 7
1 4 1
2 9 4
3 21 12
t 480 158
m 15 8
1 4 0
2 9 3
3 21 11
t 479 158
m 15 7
1 3 0
2 9 2
3 21 12
t 478 158
m 15 6
1 2 0
2 9 1
3 20 12
t 477 158
m 15 6
1 1 0
2 10 1
3 21 12
t 476 158
m 15 5
1 2 0
2 9 1
3 21 11
t 475 159
m 15 4
1 3 0
2 9 0
3 21 10
t 474 159
m 15 3
1 4 0
2 9 1
3 21 9
t 473 169
m 15 3
1 3 0
2 9 2
3 21 10
t 472 169
m 15 3
1 2 0
2 9 3
3 21 11
t 471 169
m 15 2
1 3 0
2 10 3
3 21 10
t 470 169
m 15 2
1 2 0
2 9 3
3 21 9
f 28 0
t 469 169
m 16 2
1 1 0
2 9 2
3 20 9
t 468 169
m 17 2
1 2 0
2 9 3
3 19 9
t 467 169
m 17 1
1 1 0
2 10 3
3 19 8
t 466 170
m 17 0
1 0 0
2 10 4
3 19 7
t 465 170
m 16 0
1 0 1
2 10 3
3 19 8
t 464 170
m 17 0
1 0 2
2 10 4
3 19 7
t 463 170
m 18 0
1 1 2
2 11 4
3 19 6
t 462 170
m 19 0
1 2 2
2 12 4
3 19 5
t 461 170
m 20 0
1 3 2
2 13 4
3 19 4
t 460 170
m 21 0
1 2 2
2 14 4
3 20 4
t 459 170
m 22 0
1 1 2
2 15 4
3 20 5
t 458 170
m 23 0
1 2 2
2 15 5
3 19 5
t 457 170
m 24 0
1 3 2
2 15 4
3 18 5
t 456 170
m 25 0
1 4 2
2 16 4
3 18 4
t 455 170
m 26 0
1 4 1
2 17 4
3 18 5
t 454 170
m 27 0
1 5 1
2 18 4
3 18 4
t 453 170
m 27 0
1 6 1
2 18 5
3 18 3
t 452 170
m 28 0
1 5 1
2 18 4
3 17 3
t 451 180
m 28 0
1 5 0
2 17 4
3 17 4
t 450 180
m 28 0
1 6 0
2 18 4
3 17 3
t 449 180
m 27 0
1 6 1
2 19 4
3 18 3
t 448 180
m 28 0
1 7 1
2 19 3
3 19 3
t 447 180
m 28 0
1 6 1
2 19 4
3 19 2
t 446 180
m 28 0
1 6 2
2 19 5
3 20 2
t 445 180
m 29 0
1 5 2
2 20 5
3 19 2
t 444 180
m 28 0
1 6 2
2 20 6
3 19 1
f 23 15
t 443 180
m 27 0
1 6 1
2 20 5
3 19 0
t 442 180
m 26 0
1 6 2
2 19 5
3 18 0
t 441 180
m 25 0
1 6 1
2 18 5
3 19 0
t 440 180
m 25 1
1 6 2
2 17 5
3 19 1
t 439 181
m 24 1
1 5 2
2 17 6
3 19 2
t 438 181
m 24 1
1 5 1
2 17 5
3 19 1
t 437 181
m 24 0
1 5 0
2 18 5
3 19 2
t 436 181
m 24 1
1 4 0
2 19 5
3 19 1
t 435 181
m 23 1
1 5 0
2 20 5
3 19 0
t 434 181
m 23 0
1 4 0
2 20 4
3 19 1
t 433 181
m 24 0
1 5 0
2 21 4
3 19 2
t 432 181
m 24 1
1 6 0
2 21 5
3 19 1
t 431 181
m 25 1
1 6 1
2 21 4
3 19 0
t 430 181
m 25 2
1 5 1
2 20 4
3 20 0
t 429 181
m 25 3
1 4 1
2 21 4
3 21 0
t 428 181
m 25 4
1 4 0
2 21 5
3 21 1
t 427 181
m 26 4
1 3 0
2 21 4
3 21 2
t 426 181
m 25 4
1 2 0
2 21 3
3 20 2
t 425 181
m 25 5
1 1 0
2 21 2
3 21 2
t 424 181
m 25 6
1 2 0
2 21 3
3 21 3
t 423 181
m 25 7
1 3 0
2 21 2
3 21 4
t 422 181
m 25 8
1 2 0
2 21 3
3 20 4
t 421 182
m 25 9
1 3 0
2 21 2
3 20 5
t 420 182
m 24 9
1 4 0
2 21 1
3 20 4
t 419 183
m 24 10
1 5 0
2 21 0
3 19 4
t 418 183
m 24 11
1 6 0
2 22 0
3 20 4
t 417 184
m 24 12
1 5 0
2 23 0
3 20 5
t 416 185
m 24 13
1 4 0
2 23 1
3 19 5
t 415 186
m 24 14
1 5 0
2 23 2
3 19 6
t 414 186
m 24 15
1 5 1
2 23 1
3 19 7
t 413 186
m 23 15
1 5 0
2 23 0
3 19 8
t 412 196
m 23 15
1 6 0
2 22 0
3 20 8
t 411 196
m 24 15
1 7 0
2 21 0
3 20 9
t 410 196
m 24 15
1 8 0
2 22 0
3 19 9
t 409 196
m 24 15
1 7 0
2 21 0
3 20 9
t 408 196
m 23 15
1 7 1
2 20 0
3 20 10
t 407 196
m 24 15
1 6 1
2 19 0
3 21 10
t 406 196
m 23 15
1 5 1
2 19 1
3 21 9
t 405 196
m 23 14
1 4 1
2 19 2
3 20 9
t 404 196
m 23 15
1 5 1
2 20 2
3 20 10
t 403 196
m 24 15
1 5 0
2 19 2
3 20 9
t 402 196
m 24 16
1 5 1
2 20 2
3 21 9
t 401 196
m 24 17
1 6 1
2 21 2
3 21 10
t 400 196
m 24 16
1 6 0
2 21 3
3 21 11
t 399 196
m 24 15
1 5 0
2 21 2
3 21 10
t 398 196
m 24 15
1 6 0
2 21 3
3 21 9
t 397 196
m 23 15
1 7 0
2 21 4
3 21 10
t 396 196
m 23 15
1 8 0
2 21 5
3 20 10
t 395 196
m 24 15
1 7 0
2 20 5
3 21 10
t 394 196
m 23 15
1 8 0
2 21 5
3 21 9
t 393 196
m 23 15
1 9 0
2 20 5
3 20 9
t 392 196
m 24 15
1 9 1
2 20 4
3 21 9
t 391 196
m 23 15
1 9 2
2 20 5
3 20 9
t 390 196
m 23 15
1 9 3
2 20 6
3 20 10
t 389 196
m 24 15
1 8 3
2 20 5
3 19 10
t 388 196
m 24 16
1 8 4
2 19 5
3 19 9
f 19 10
t 387 196
m 24 15
1 8 5
2 19 4
3 20 9
t 386 196
m 23 15
1 9 5
2 18 4
3 20 8
t 385 196
m 22 15
1 8 5
2 19 4
3 21 8
t 384 196
m 22 14
1 7 5
2 18 4
3 22 8
t 383 196
m 21 14
1 7 4
2 17 4
3 21 8
t 382 196
m 20 14
1 8 4
2 16 4
3 22 8
t 381 196
m 19 14
1 7 4
2 15 4
3 23 8
t 380 196
m 19 13
1 8 4
2 15 3
3 24 8
t 379 196
m 19 12
1 8 5
2 14 3
3 23 8
t 378 196
m 19 11
1 7 5
2 14 2
3 23 9
t 377 196
m 19 10
1 7 4
2 15 2
3 23 8
t 376 206
m 18 10
1 6 4
2 16 2
3 24 8
t 375 206
m 18 10
1 7 4
2 17 2
3 25 8
t 374 206
m 19 10
1 6 4
2 17 1
3 24 8
t 373 206
m 19 11
1 6 5
2 17 2
3 25 8
t 372 206
m 19 10
1 7 5
2 17 3
3 25 9
t 371 206
m 19 10
1 8 5
2 16 3
3 24 9
t 370 206
m 19 11
1 8 4
2 17 3
3 23 9
t 369 206
m 19 10
1 7 4
2 18 3
3 24 9
t 368 206
m 18 10
1 7 5
2 18 4
3 23 9
t 367 206
m 19 10
1 6 5
2 18 5
3 24 9
f 7 16
t 366 206
m 19 10
1 6 6
2 17 5
3 23 9
t 365 206
m 18 10
1 6 5
2 17 4
3 23 8
t 364 206
m 19 10
1 6 4
2 16 4
3 23 9
t 363 206
m 19 10
1 6 5
2 16 3
3 24 9
t 362 206
m 18 10
1 6 4
2 15 3
3 25 9
t 361 206
m 17 10
1 7 4
2 15 4
3 26 9
t 360 206
m 17 11
1 7 5
2 16 4
3 27 9
t 359 206
m 17 11
1 6 5
2 16 3
3 28 9
t 358 206
m 17 12
1 7 5
2 16 4
3 27 9
t 357 206
m 17 13
1 6 5
2 15 4
3 26 9
t 356 206
m 17 14
1 6 6
2 15 3
3 26 8
t 355 206
m 17 15
1 6 5
2 14 3
3 25 8
t 354 206
m 17 15
1 5 5
2 14 4
3 24 8
t 353 206
m 17 16
1 6 5
2 15 4
3 24 9
t 352 206
m 17 16
1 6 4
2 15 5
3 24 10
t 351 206
m 17 16
1 5 4
2 15 6
3 24 11
t 350 206
m 17 16
1 4 4
2 15 7
3 25 11
t 349 206
m 17 16
1 3 4
2 15 8
3 26 11
t 348 206
m 17 17
1 2 4
2 15 9
3 26 12
t 347 206
m 16 17
1 3 4
2 15 8
3 25 12
t 346 207
m 15 17
1 2 4
2 15 9
3 24 12
t 345 207
m 14 17
1 3 4
2 15 10
3 24 13
t 344 208
m 14 16
1 4 4
2 14 10
3 24 12
t 343 208
m 13 16
1 5 4
2 15 10
3 25 12
t 342 208
m 12 16
1 6 4
2 14 10
3 26 12
t 341 208
m 11 16
1 6 5
2 14 11
3 25 12
t 340 208
m 10 16
1 6 6
2 14 12
3 24 12
t 339 208
m 10 16
1 6 5
2 14 13
3 25 12
t 338 208
m 9 16
1 6 6
2 14 12
3 24 12
t 337 208
m 8 16
1 6 7
2 14 13
3 25 12
t 336 208
m 8 16
1 6 8
2 14 14
3 25 11
t 335 208
m 7 16
1 7 8
2 14 15
3 26 11
t 334 218
m 8 16
1 7 9
2 15 15
3 25 11
t 333 218
m 8 16
1 8 9
2 14 15
3 25 12
t 332 218
m 7 16
1 8 10
2 15 15
3 25 11
t 331 218
m 6 16
1 7 10
2 15 14
3 24 11
t 330 218
m 6 17
1 7 9
2 15 15
3 24 12
t 329 218
m 6 16
1 7 8
2 16 15
3 23 12
t 328 218
m 7 16
1 6 8
2 16 14
3 24 12
t 327 218
m 7 16
1 7 8
2 16 13
3 23 12
f 19 3
t 326 218
m 6 16
1 6 8
2 17 13
3 22 12
t 325 218
m 6 16
1 6 7
2 16 13
3 22 13
t 324 218
m 7 16
1 6 8
2 17 13
3 22 14
t 323 218
m 8 16
1 6 7
2 17 14
3 22 13
t 322 218
m 8 16
1 6 8
2 16 14
3 21 13
t 321 218
m 9 16
1 7 8
2 17 14
3 20 13
t 320 218
m 10 16
1 6 8
2 16 14
3 19 13
t 319 218
m 10 16
1 7 8
2 16 15
3 18 13
t 318 218
m 11 16
1 6 8
2 16 14
3 17 13
t 317 218
m 10 16
1 6 9
2 16 13
3 18 13
t 316 218
m 11 16
1 7 9
2 16 14
3 17 13
t 315 218
m 10 16
1 6 9
2 17 14
3 17 14
t 314 218
m 11 16
1 6 10
2 16 14
3 17 15
t 313 218
m 11 15
1 6 9
2 16 15
3 17 14
t 312 218
m 11 14
1 7 9
2 15 15
3 17 13
t 311 218
m 12 14
1 7 8
2 14 15
3 18 13
t 310 218
m 12 15
1 6 8
2 14 16
3 18 14
t 309 220
m 13 15
1 6 9
2 14 15
3 19 14
t 308 220
m 13 14
1 7 9
2 14 14
3 18 14
t 307 220
m 13 13
1 7 8
2 13 14
3 17 14
t 306 220
m 13 12
1 6 8
2 14 14
3 17 15
t 305 220
m 14 12
1 6 9
2 13 14
3 17 14
t 304 220
m 14 13
1 6 10
2 13 13
3 16 14
t 303 220
m 14 12
1 7 10
2 12 13
3 16 13
t 302 220
m 15 12
1 7 9
2 11 13
3 16 12
t 301 220
m 14 12
1 6 9
2 12 13
3 16 13
t 300 220
m 13 12
1 6 10
2 12 12
3 16 12
t 299 220
m 14 12
1 7 10
2 13 12
3 15 12
t 298 220
m 14 13
1 6 10
2 13 13
3 16 12
t 297 220
m 14 12
1 6 9
2 13 12
3 16 11
t 296 220
m 14 13
1 6 8
2 14 12
3 17 11
t 295 220
m 14 14
1 7 8
2 15 12
3 17 10
t 294 220
m 14 13
1 6 8
2 16 12
3 16 10
t 293 220
m 14 12
1 6 9
2 15 12
3 16 11
t 292 220
m 13 12
1 6 10
2 15 13
3 17 11
t 291 220
m 14 12
1 6 9
2 16 13
3 17 12
t 290 220
m 15 12
1 6 8
2 17 13
3 17 11
t 289 220
m 15 13
1 6 7
2 17 14
3 16 11
t 288 220
m 16 13
1 6 8
2 17 15
3 16 12
t 287 220
m 17 13
1 6 9
2 18 15
3 16 13
t 286 220
m 18 13
1 6 10
2 18 16
3 17 13
t 285 220
m 19 13
1 6 9
2 17 16
3 17 14
t 284 220
m 18 13
1 7 9
2 18 16
3 16 14
t 283 220
m 17 13
1 8 9
2 18 17
3 16 15
t 282 220
m 16 13
1 8 10
2 18 16
3 17 15
t 281 220
m 16 14
1 8 11
2 19 16
3 17 14
t 280 220
m 15 14
1 8 12
2 19 15
3 18 14
t 279 220
m 16 14
1 8 13
2 19 16
3 19 14
t 278 220
m 17 14
1 8 12
2 18 16
3 19 15
t 277 220
m 18 14
1 8 11
2 18 15
3 18 15
t 276 220
m 19 14
1 8 10
2 19 15
3 18 16
t 275 220
m 18 14
1 7 10
2 19 14
3 19 16
t 274 220
m 18 13
1 6 10
2 18 14
3 19 15
t 273 220
m 19 13
1 6 11
2 17 14
3 18 15
t 272 220
m 19 14
1 5 11
2 18 14
3 18 16
t 271 220
m 19 13
1 5 10
2 18 13
3 17 16
t 270 220
m 19 14
1 4 10
2 19 13
3 17 15
t 269 220
m 20 14
1 5 10
2 19 12
3 17 16
t 268 220
m 20 13
1 5 11
2 20 12
3 17 15
t 267 220
m 19 13
1 6 11
2 21 12
3 18 15
t 266 220
m 19 14
1 6 10
2 20 12
3 19 15
t 265 220
m 19 13
1 6 9
2 19 12
3 19 16
t 264 220
m 20 13
1 6 8
2 20 12
3 19 17
t 263 220
m 19 13
1 6 9
2 21 12
3 19 18
t 262 220
m 19 12
1 7 9
2 21 13
3 20 18
t 261 220
m 19 11
1 8 9
2 21 12
3 20 19
t 260 220
m 19 10
1 8 10
2 21 11
3 21 19
t 259 220
m 19 9
1 8 9
2 21 10
3 21 18
t 258 220
m 19 8
1 7 9
2 21 11
3 20 18
t 257 220
m 19 7
1 8 9
2 21 10
3 20 19
t 256 220
m 19 6
1 7 9
2 20 10
3 21 19
t 255 220
m 19 5
1 7 10
2 21 10
3 20 19
t 254 220
m 19 4
1 6 10
2 21 11
3 20 18
t 253 220
m 19 3
1 6 9
2 21 12
3 20 17
t 252 230
m 19 3
1 7 9
2 21 13
3 19 17
t 251 230
m 19 3
1 6 9
2 21 12
3 19 16
f 13 15
t 250 230
m 18 3
1 6 10
2 22 12
3 20 16
t 249 230
m 17 3
1 5 10
2 23 12
3 21 16
t 248 230
m 16 3
1 5 11
2 22 12
3 21 17
t 247 231
m 15 3
1 5 12
2 22 13
3 20 17
t 246 231
m 14 3
1 5 13
2 22 12
3 19 17
t 245 231
m 14 4
1 5 14
2 23 12
3 18 17
t 244 231
m 13 4
1 5 13
2 24 12
3 18 16
t 243 232
m 13 5
1 6 13
2 23 12
3 17 16
t 242 233
m 13 6
1 5 13
2 24 12
3 18 16
t 241 233
m 13 7
1 5 12
2 24 13
3 17 16
t 240 234
m 13 7
1 6 12
2 24 12
3 18 16
t 239 234
m 13 7
1 5 12
2 24 11
3 17 16
t 238 234
m 13 8
1 5 13
2 25 11
3 17 15
t 237 234
m 13 8
1 5 12
2 24 11
3 17 16
t 236 234
m 13 7
1 5 13
2 24 12
3 17 17
t 235 234
m 13 8
1 5 14
2 25 12
3 18 17
t 234 234
m 13 8
1 6 14
2 26 12
3 18 16
t 233 234
m 13 7
1 5 14
2 26 11
3 17 16
t 232 234
m 13 8
1 5 13
2 26 12
3 17 17
t 231 234
m 13 8
1 4 13
2 25 12
3 17 16
t 230 234
m 13 8
1 4 12
2 24 12
3 18 16
t 229 234
m 13 8
1 4 13
2 24 13
3 17 16
t 228 234
m 13 8
1 5 13
2 24 14
3 17 17
t 227 234
m 13 8
1 5 14
2 23 14
3 16 17
t 226 234
m 13 8
1 6 14
2 23 15
3 15 17
t 225 234
m 13 7
1 5 14
2 22 15
3 15 18
t 224 234
m 13 8
1 5 13
2 22 16
3 15 17
t 223 234
m 12 8
1 5 14
2 22 15
3 16 17
t 222 235
m 12 9
1 6 14
2 22 14
3 16 18
t 221 235
m 12 10
1 5 14
2 22 13
3 17 18
t 220 235
m 13 10
1 6 14
2 22 12
3 17 19
t 219 235
m 13 10
1 6 13
2 23 12
3 17 18
t 218 235
m 13 10
1 6 12
2 24 12
3 16 18
t 217 235
m 13 10
1 6 11
2 25 12
3 16 17
t 216 235
m 13 10
1 5 11
2 24 12
3 15 17
t 215 235
m 13 10
1 4 11
2 25 12
3 14 17
t 214 235
m 13 10
1 4 10
2 24 12
3 14 16
t 213 235
m 13 10
1 4 11
2 24 11
3 13 16
t 212 235
m 14 10
1 4 10
2 24 12
3 13 15
t 211 235
m 13 10
1 4 9
2 24 11
3 13 14
t 210 235
m 13 10
1 4 10
2 24 12
3 13 15
t 209 235
m 13 10
1 4 11
2 24 11
3 12 15
t 208 235
m 13 10
1 4 12
2 25 11
3 12 16
t 207 235
m 13 10
1 4 11
2 24 11
3 12 15
t 206 235
m 13 10
1 4 10
2 24 10
3 13 15
t 205 235
m 14 10
1 5 10
2 24 11
3 13 14
t 204 235
m 13 10
1 5 11
2 24 12
3 14 14
t 203 235
m 13 10
1 5 12
2 24 13
3 14 15
t 202 235
m 13 10
1 5 11
2 24 12
3 13 15
t 201 235
m 13 10
1 5 12
2 25 12
3 14 15
t 200 235
m 13 10
1 4 12
2 26 12
3 13 15
t 199 235
m 13 10
1 3 12
2 25 12
3 12 15
t 198 235
m 13 10
1 4 12
2 26 12
3 13 15
t 197 235
m 13 10
1 3 12
2 27 12
3 13 16
t 196 235
m 13 10
1 4 12
2 27 11
3 12 16
t 195 235
m 13 10
1 4 11
2 27 10
3 12 15
t 194 235
m 13 10
1 4 10
2 28 10
3 13 15
t 193 235
m 13 10
1 4 9
2 27 10
3 14 15
t 192 235
m 13 10
1 4 10
2 28 10
3 14 16
t 191 235
m 13 10
1 5 10
2 28 11
3 13 16
t 190 235
m 13 10
1 6 10
2 28 10
3 14 16
t 189 235
m 13 10
1 6 11
2 27 10
3 14 17
t 188 235
m 13 10
1 6 10
2 27 11
3 15 17
t 187 235
m 13 10
1 6 11
2 27 12
3 14 17
t 186 235
m 13 10
1 5 11
2 26 12
3 14 16
t 185 235
m 13 10
1 5 12
2 27 12
3 14 17
t 184 235
m 13 10
1 4 12
2 27 11
3 14 16
t 183 235
m 13 10
1 5 12
2 27 12
3 14 17
t 182 235
m 13 10
1 5 11
2 27 11
3 15 17
t 181 235
m 13 10
1 5 10
2 27 10
3 16 17
t 180 235
m 13 10
1 5 11
2 27 11
3 15 17
t 179 235
m 13 10
1 4 11
2 28 11
3 14 17
t 178 235
m 13 10
1 4 12
2 27 11
3 15 17
t 177 235
m 13 10
1 4 11
2 27 12
3 14 17
t 176 235
m 13 10
1 5 11
2 26 12
3 14 16
t 175 235
m 13 10
1 5 10
2 25 12
3 13 16
t 174 235
m 13 10
1 4 10
2 26 12
3 13 15
t 173 235
m 13 10
1 5 10
2 25 12
3 13 14
t 172 235
m 13 10
1 4 10
2 26 12
3 13 13
t 171 235
m 12 10
1 5 10
2 26 11
3 13 14
t 170 235
m 13 10
1 4 10
2 25 11
3 14 14
t 169 235
m 13 10
1 5 10
2 24 11
3 15 14
t 168 235
m 13 10
1 5 11
2 24 10
3 14 14
t 167 235
m 13 10
1 5 10
2 24 9
3 14 13
t 166 235
m 13 10
1 5 11
2 25 9
3 14 12
t 165 235
m 13 10
1 5 12
2 24 9
3 13 12
t 164 235
m 14 10
1 4 12
2 24 10
3 12 12
t 163 235
m 14 11
1 4 13
2 24 9
3 12 13
t 162 235
m 14 12
1 5 13
2 25 9
3 12 12
t 161 235
m 14 13
1 4 13
2 26 9
3 12 13
t 160 235
m 14 14
1 4 12
2 26 8
3 12 14
t 159 235
m 14 15
1 4 11
2 26 7
3 13 14
t 158 236
m 14 16
1 4 10
2 25 7
3 13 13
t 157 236
m 14 15
1 4 9
2 26 7
3 12 13
t 156 236
m 13 15
1 4 10
2 25 7
3 12 14
t 155 246
m 13 16
1 5 10
2 25 6
3 12 15
f 5 19
t 154 246
m 13 16
1 6 10
2 25 7
3 13 15
t 153 246
m 12 16
1 6 11
2 26 7
3 14 15
t 152 246
m 12 15
1 6 12
2 25 7
3 15 15
t 151 246
m 13 15
1 6 11
2 25 8
3 14 15
t 150 246
m 12 15
1 6 12
2 25 9
3 14 14
t 149 246
m 12 14
1 6 13
2 25 8
3 15 14
t 148 246
m 13 14
1 6 12
2 25 9
3 15 15
t 147 246
m 14 14
1 6 11
2 26 9
3 14 15
t 146 246
m 15 14
1 5 11
2 26 8
3 15 15
t 145 246
m 16 14
1 4 11
2 25 8
3 15 14
t 144 246
m 17 14
1 5 11
2 24 8
3 16 14
t 143 246
m 17 13
1 5 10
2 24 9
3 17 14
t 142 246
m 17 12
1 5 11
2 23 9
3 17 13
t 141 246
m 16 12
1 5 12
2 23 8
3 17 14
t 140 246
m 16 13
1 5 13
2 24 8
3 17 15
t 139 246
m 16 14
1 6 13
2 25 8
3 16 15
t 138 246
m 17 14
1 6 12
2 26 8
3 17 15
t 137 246
m 16 14
1 5 12
2 26 7
3 18 15
t 136 246
m 16 15
1 4 12
2 26 6
3 18 16
t 135 246
m 17 15
1 5 12
2 25 6
3 18 15
t 134 246
m 17 16
1 6 12
2 25 5
3 17 15
t 133 246
m 17 17
1 5 12
2 25 6
3 18 15
t 132 246
m 17 16
1 5 13
2 25 7
3 18 16
t 131 246
m 17 15
1 4 13
2 25 6
3 17 16
t 130 246
m 16 15
1 3 13
2 26 6
3 18 16
t 129 246
m 17 15
1 4 13
2 26 5
3 17 16
t 128 246
m 16 15
1 5 13
2 26 6
3 18 16
t 127 246
m 17 15
1 6 13
2 25 6
3 18 17
t 126 246
m 18 15
1 5 13
2 26 6
3 19 17
t 125 246
m 19 15
1 5 12
2 26 7
3 18 17
t 124 246
m 18 15
1 5 11
2 25 7
3 18 16
t 123 246
m 18 14
1 4 11
2 25 8
3 18 15
t 122 246
m 18 13
1 4 10
2 26 8
3 18 16
t 121 246
m 18 14
1 4 11
2 25 8
3 18 17
t 120 246
m 18 15
1 4 12
2 24 8
3 17 17
t 119 246
m 17 15
1 4 11
2 23 8
3 17 18
t 118 246
m 17 16
1 4 10
2 23 9
3 16 18
t 117 246
m 17 17
1 4 11
2 24 9
3 17 18
t 116 246
m 16 17
1 5 11
2 24 8
3 17 19
t 115 246
m 16 18
1 5 10
2 23 8
3 17 18
t 114 246
m 15 18
1 4 10
2 24 8
3 17 17
t 113 246
m 15 17
1 5 10
2 23 8
3 16 17
t 112 246
m 14 17
1 4 10
2 22 8
3 17 17
t 111 246
m 15 17
1 4 9
2 22 7
3 18 17
t 110 246
m 15 18
1 4 10
2 21 7
3 17 17
t 109 246
m 15 17
1 4 11
2 22 7
3 17 18
t 108 246
m 16 17
1 4 10
2 22 8
3 17 17
t 107 246
m 16 18
1 4 9
2 23 8
3 18 17
t 106 246
m 17 18
1 4 8
2 22 8
3 18 16
t 105 246
m 17 17
1 4 9
2 23 8
3 19 16
t 104 246
m 17 16
1 4 10
2 22 8
3 19 17
t 103 246
m 17 17
1 4 11
2 22 7
3 20 17
t 102 246
m 18 17
1 5 11
2 21 7
3 20 18
t 101 247
m 19 17
1 6 11
2 21 6
3 20 17
t 100 247
m 19 18
1 6 10
2 21 7
3 20 16
t 99 247
m 20 18
1 6 11
2 22 7
3 21 16
t 98 247
m 20 17
1 5 11
2 22 8
3 20 16
t 97 248
m 20 18
1 5 10
2 23 8
3 20 17
t 96 248
m 19 18
1 6 10
2 24 8
3 20 16
t 95 248
m 20 18
1 5 10
2 25 8
3 19 16
t 94 248
m 19 18
1 6 10
2 24 8
3 19 15
t 93 248
m 19 17
1 5 10
2 24 9
3 18 15
t 92 248
m 18 17
1 4 10
2 24 8
3 18 14
t 91 248
m 18 16
1 4 9
2 24 9
3 18 15
t 90 248
m 19 16
1 4 10
2 24 8
3 17 15
t 89 248
m 18 16
1 5 10
2 25 8
3 17 16
t 88 248
m 18 17
1 4 10
2 26 8
3 17 15
t 87 248
m 17 17
1 4 9
2 25 8
3 18 15
t 86 248
m 18 17
1 4 10
2 25 7
3 19 15
t 85 248
m 19 17
1 4 9
2 26 7
3 19 14
t 84 248
m 19 16
1 4 10
2 25 7
3 19 13
t 83 248
m 19 15
1 4 9
2 25 8
3 19 12
t 82 248
m 19 14
1 4 8
2 25 9
3 20 12
t 81 248
m 19 13
1 4 7
2 24 9
3 21 12
t 80 248
m 20 13
1 4 8
2 24 8
3 20 12
t 79 248
m 19 13
1 4 9
2 24 9
3 20 13
t 78 248
m 18 13
1 4 8
2 24 8
3 21 13
t 77 248
m 19 13
1 4 9
2 24 9
3 21 12
t 76 248
m 19 12
1 4 10
2 25 9
3 21 11
t 75 248
m 20 12
1 4 9
2 26 9
3 21 10
t 74 248
m 21 12
1 4 8
2 25 9
3 21 11
t 73 248
m 20 12
1 4 7
2 25 8
3 21 12
t 72 248
m 20 13
1 4 8
2 24 8
3 20 12
t 71 248
m 20 14
1 4 9
2 24 9
3 19 12
t 70 248
m 19 14
1 4 10
2 24 10
3 19 13
t 69 248
m 19 15
1 4 9
2 24 9
3 19 14
t 68 248
m 18 15
1 4 8
2 24 10
3 18 14
t 67 248
m 17 15
1 4 9
2 24 11
3 17 14
t 66 248
m 16 15
1 4 10
2 24 10
3 17 15
t 65 248
m 15 15
1 5 10
2 24 11
3 17 14
t 64 248
m 15 14
1 6 10
2 24 10
3 17 13
t 63 248
m 16 14
1 7 10
2 24 9
3 17 14
t 62 248
m 15 14
1 8 10
2 24 8
3 17 13
t 61 248
m 15 13
1 7 10
2 25 8
3 18 13
t 60 248
m 16 13
1 6 10
2 26 8
3 18 14
t 59 248
m 16 14
1 6 11
2 25 8
3 18 15
t 58 248
m 17 14
1 6 10
2 24 8
3 17 15
t 57 248
m 18 14
1 7 10
2 25 8
3 16 15
t 56 248
m 17 14
1 6 10
2 24 8
3 17 15
t 55 248
m 16 14
1 6 11
2 25 8
3 17 14
t 54 248
m 16 13
1 5 11
2 25 7
3 16 14
t 53 248
m 17 13
1 5 12
2 25 8
3 16 13
t 52 248
m 17 14
1 6 12
2 25 9
3 16 12
t 51 248
m 17 13
1 6 11
2 25 8
3 15 12
t 50 248
m 17 12
1 6 10
2 26 8
3 14 12
t 49 248
m 16 12
1 5 10
2 26 7
3 14 11
t 48 248
m 15 12
1 4 10
2 26 8
3 14 10
t 47 248
m 14 12
1 4 9
2 26 7
3 13 10
t 46 248
m 13 12
1 4 8
2 25 7
3 14 10
t 45 248
m 14 12
1 4 7
2 25 6
3 15 10
t 44 248
m 15 12
1 4 8
2 26 6
3 16 10
t 43 248
m 16 12
1 4 9
2 26 7
3 15 10
t 42 248
m 15 12
1 4 8
2 26 6
3 15 9
t 41 248
m 15 13
1 4 7
2 25 6
3 15 10
t 40 248
m 15 12
1 4 6
2 26 6
3 15 9
t 39 248
m 15 13
1 4 5
2 26 5
3 15 10
t 38 248
m 15 12
1 4 6
2 26 4
3 15 9
t 37 248
m 14 12
1 4 7
2 27 4
3 15 8
t 36 248
m 14 13
1 4 8
2 28 4
3 15 9
t 35 248
m 14 14
1 4 9
2 27 4
3 15 8
t 34 248
m 14 15
1 4 8
2 28 4
3 14 8
t 33 248
m 14 16
1 4 7
2 27 4
3 13 8
t 32 248
m 14 17
1 4 6
2 26 4
3 12 8
t 31 248
m 14 17
1 4 5
2 26 5
3 12 7
t 30 248
m 14 17
1 4 4
2 26 4
3 13 7
t 29 248
m 14 17
1 5 4
2 27 4
3 13 6
t 28 248
m 14 17
1 6 4
2 28 4
3 14 6
t 27 248
m 14 17
1 7 4
2 29 4
3 13 6
t 26 248
m 14 17
1 7 5
2 29 5
3 13 7
t 25 248
m 14 17
1 7 4
2 29 4
3 13 6
t 24 248
m 14 17
1 8 4
2 29 5
3 12 6
t 23 248
m 14 17
1 8 3
2 29 4
3 12 5
t 22 248
m 14 17
1 8 4
2 29 5
3 12 6
t 21 248
m 14 17
1 8 3
2 28 5
3 12 7
t 20 248
m 14 17
1 9 3
2 28 4
3 12 6
t 19 248
m 14 17
1 9 2
2 28 5
3 12 7
t 18 248
m 14 17
1 9 1
2 28 4
3 13 7
t 17 248
m 14 17
1 8 1
2 27 4
3 12 7
t 16 248
m 14 17
1 9 1
2 28 4
3 12 8
t 15 248
m 14 17
1 9 0
2 27 4
3 12 7
t 14 248
m 14 17
1 8 0
2 26 4
3 12 8
t 13 248
m 14 17
1 9 0
2 25 4
3 12 9
t 12 248
m 14 17
1 8 0
2 26 4
3 12 10
t 11 248
m 14 17
1 9 0
2 25 4
3 12 9
t 10 248
m 14 17
1 8 0
2 26 4
3 12 10
t 9 248
m 14 17
1 9 0
2 25 4
3 11 10
t 8 248
m 14 17
1 8 0
2 26 4
3 12 10
t 7 248
m 14 17
1 7 0
2 27 4
3 11 10
t 6 248
m 15 17
1 6 0
2 28 4
3 11 11
t 5 248
m 15 18
1 6 1
2 29 4
3 11 10
t 4 248
m 15 18
1 6 0
2 28 4
3 12 10
t 3 248
m 15 18
1 6 1
2 28 5
3 11 10
t 2 248
m 15 18
1 6 0
2 28 4
3 10 10
t 1 248
m 15 18
1 6 1
2 29 4
3 11 10
t 0 248
