10
15
m 0 14
1 9 0
2 9 0
3 9 0
w 1 13
w 2 13
w 3 13
w 4 13
p 3 12
p 6 12
p 7 12
p 3 11
p 7 11
w 2 10
p 3 10
w 8 10
w 9 10
p 5 9
w 8 9
w 9 9
p 2 8
p 8 8
w 9 8
w 4 7
w 5 7
w 6 7
w 7 7
w 9 7
w 9 6
p 2 5
p 3 5
w 4 5
w 5 5
w 6 5
w 7 5
w 8 5
w 9 5
w 0 4
p 1 4
p 3 4
w 4 4
w 5 4
w 6 4
w 7 4
w 8 4
w 9 4
p 1 3
w 6 3
w 7 3
w 8 3
w 9 3
w 2 1
t 300 0
m 1 14
1 9 1
2 8 0
3 8 0
t 299 0
m 0 14
1 8 1
2 9 0
3 7 0
t 298 0
m 1 14
1 9 1
2 8 0
3 8 0
t 297 0
m 2 14
1 9 2
2 8 1
3 9 0
t 296 0
m 3 14
1 9 1
2 8 2
3 8 0
t 295 0
m 2 14
1 8 1
2 9 2
3 7 0
t 294 0
m 1 14
1 8 0
2 8 2
3 6 0
t 293 0
m 0 14
1 9 0
2 8 1
3 7 0
t 292 0
m 0 13
1 9 1
2 7 1
3 6 0
t 291 0
m 0 12
1 9 0
2 6 1
3 7 0
t 290 0
m 0 13
1 9 1
2 5 1
3 6 0
t 289 0
m 0 12
1 9 2
2 4 1
3 5 0
t 288 0
m 0 11
1 9 1
2 3 1
3 5 1
t 287 0
m 0 11
1 8 1
2 4 1
3 5 0
t 286 0
m 0 12
1 8 2
2 3 1
3 6 0
t 285 0
m 1 12
1 7 2
2 3 0
3 6 1
t 284 0
m 1 11
1 8 2
2 2 0
3 7 1
t 283 0
m 1 10
1 9 2
2 3 0
3 7 0
t 282 0
m 1 10
1 8 2
2 3 1
3 7 1
t 281 0
m 1 10
1 8 1
2 3 2
3 8 1
t 280 0
m 0 10
1 8 0
2 4 2
3 8 2
t 279 0
m 1 10
1 7 0
2 5 2
3 7 2
t 278 0
m 1 9
1 7 1
2 5 3
3 8 2
t 277 0
m 0 9
1 7 2
2 5 2
3 9 2
t 276 0
m 0 9
1 6 2
2 5 3
3 8 2
t 275 0
m 0 8
1 7 2
2 5 2
3 8 1
t 274 0
m 0 7
1 8 2
2 4 2
3 8 2
t 273 0
m 0 6
1 7 2
2 5 2
3 8 1
f 8 14
t 272 0
m 0 7
1 6 2
2 6 2
3 8 2
t 271 0
m 0 8
1 6 1
2 6 1
3 8 1
t 270 0
m 0 9
1 6 2
2 5 1
3 8 2
t 269 0
m 1 9
1 6 1
2 4 1
3 9 2
t 268 0
m 1 9
1 5 1
2 4 0
3 8 2
t 267 0
m 2 9
1 5 2
2 5 0
3 9 2
t 266 0
m 1 9
1 5 1
2 6 0
3 9 1
t 265 0
m 1 10
1 5 2
2 7 0
3 9 0
t 264 0
m 1 11
1 4 2
2 8 0
3 9 1
t 263 0
m 1 11
1 3 2
2 8 1
3 8 1
t 262 0
m 2 11
1 3 3
2 8 0
3 7 1
t 261 0
m 2 12
1 3 2
2 8 1
3 8 1
t 260 0
m 2 12
1 2 2
2 8 0
3 8 2
t 259 0
m 3 12
1 2 3
2 9 0
3 9 2
t 258 7
m 4 12
1 1 3
2 8 0
3 8 2
t 257 7
m 3 12
1 2 3
2 9 0
3 8 1
t 256 7
m 4 12
1 2 4
2 9 1
3 7 1
t 255 7
m 5 12
1 1 4
2 8 1
3 8 1
t 254 7
m 6 12
1 1 5
2 8 2
3 9 1
t 253 14
m 6 13
1 0 5
2 7 2
3 8 1
t 252 14
m 6 14
1 0 6
2 6 2
3 7 1
t 251 14
m 6 14
1 1 6
2 7 2
3 6 1
t 250 14
m 6 14
1 0 6
2 6 2
3 5 1
t 249 14
m 7 14
1 1 6
2 7 2
3 5 0
t 248 14
m 7 14
1 2 6
2 6 2
3 4 0
t 247 14
m 6 14
1 2 5
2 5 2
3 5 0
t 246 14
m 7 14
1 3 5
2 5 3
3 4 0
t 245 14
m 7 14
1 3 4
2 5 2
3 3 0
t 244 14
m 7 13
1 2 4
2 4 2
3 4 0
t 243 14
m 8 13
1 2 5
2 4 1
3 3 0
t 242 14
m 8 14
1 1 5
2 3 1
3 4 0
t 241 24
m 8 13
1 0 5
2 4 1
3 5 0
t 240 24
m 9 13
1 1 5
2 5 1
3 4 0
t 239 24
m 8 13
1 2 5
2 6 1
3 4 1
t 238 24
m 8 13
1 1 5
2 6 0
3 4 0
t 237 24
m 8 14
1 0 5
2 7 0
3 4 1
t 236 24
m 8 14
1 1 5
2 6 0
3 3 1
t 235 24
m 9 14
1 0 5
2 5 0
3 3 2
t 234 24
m 9 14
1 0 6
2 6 0
3 4 2
t 233 24
m 9 14
1 0 5
2 7 0
3 4 1
t 232 24
m 9 14
1 0 6
2 8 0
3 5 1
t 231 24
m 8 14
1 0 7
2 9 0
3 5 0
t 230 24
m 9 14
1 1 7
2 9 1
3 4 0
t 229 24
m 9 13
1 2 7
2 9 0
3 4 1
t 228 24
m 9 14
1 1 7
2 9 1
3 5 1
t 227 24
m 8 14
1 2 7
2 9 2
3 6 1
t 226 24
m 9 14
1 2 8
2 8 2
3 7 1
t 225 24
m 9 14
1 1 8
2 7 2
3 7 0
t 224 24
m 9 14
1 2 8
2 6 2
3 7 1
t 223 24
m 9 13
1 1 8
2 6 1
3 7 2
t 222 24
m 9 13
1 1 7
2 7 1
3 7 1
t 221 24
m 9 14
1 0 7
2 8 1
3 7 0
t 220 24
m 8 14
1 0 6
2 9 1
3 6 0
t 219 24
m 7 14
1 0 7
2 8 1
3 7 0
t 218 24
m 8 14
1 0 8
2 9 1
3 6 0
t 217 24
m 9 14
1 0 7
2 9 0
3 6 1
t 216 24
m 9 13
1 1 7
2 8 0
3 7 1
t 215 24
m 9 14
1 0 7
2 9 0
3 7 0
t 214 24
m 9 14
1 0 8
2 9 1
3 7 1
t 213 24
m 8 14
1 1 8
2 8 1
3 6 1
t 212 24
m 8 14
1 0 8
2 8 0
3 6 0
t 211 24
m 8 14
1 0 9
2 8 1
3 7 0
t 210 24
m 7 14
1 1 9
2 9 1
3 6 0
f 4 9
t 209 24
m 7 14
1 1 10
2 9 0
3 7 0
t 208 24
m 7 13
1 1 11
2 8 0
3 8 0
t 207 24
m 6 13
1 1 12
2 7 0
3 9 0
t 206 24
m 7 13
1 1 11
2 7 1
3 9 1
t 205 24
m 6 13
1 1 12
2 7 2
3 9 2
t 204 24
m 7 13
1 0 12
2 8 2
3 8 2
t 203 24
m 8 13
1 0 13
2 9 2
3 9 2
t 202 24
m 8 12
1 0 14
2 9 1
3 8 2
t 201 24
m 8 11
1 0 13
2 8 1
3 7 2
t 200 24
m 8 11
1 0 12
2 9 1
3 6 2
t 199 24
m 7 11
1 1 12
2 9 2
3 7 2
t 198 31
m 7 10
1 2 12
2 9 1
3 8 2
t 197 31
m 7 9
1 3 12
2 9 0
3 9 2
t 196 31
m 6 9
1 4 12
2 9 1
3 9 1
t 195 31
m 5 9
1 5 12
2 9 0
3 9 0
t 194 38
m 4 9
1 5 13
2 8 0
3 9 1
t 193 48
m 4 8
1 5 14
2 9 0
3 8 1
t 192 48
m 4 9
1 6 14
2 9 1
3 7 1
t 191 48
m 4 9
1 7 14
2 9 0
3 7 2
t 190 48
m 5 9
1 8 14
2 8 0
3 8 2
t 189 48
m 4 9
1 8 13
2 8 1
3 7 2
t 188 48
m 5 9
1 7 13
2 8 2
3 8 2
t 187 48
m 6 9
1 7 14
2 7 2
3 9 2
t 186 48
m 6 8
1 6 14
2 8 2
3 9 1
t 185 48
m 5 8
1 7 14
2 9 2
3 9 0
t 184 48
m 4 8
1 8 14
2 8 2
3 9 1
t 183 48
m 3 8
1 8 13
2 7 2
3 9 2
t 182 48
m 3 9
1 8 14
2 7 1
3 9 1
t 181 48
m 3 9
1 7 14
2 8 1
3 9 2
t 180 48
m 3 9
1 8 14
2 7 1
3 8 2
t 179 48
m 3 10
1 7 14
2 7 0
3 7 2
t 178 55
m 3 10
1 8 14
2 7 1
3 6 2
t 177 55
m 4 10
1 8 13
2 8 1
3 7 2
t 176 55
m 4 10
1 7 13
2 7 1
3 6 2
t 175 55
m 4 10
1 7 12
2 6 1
3 7 2
t 174 55
m 3 10
1 8 12
2 6 2
3 6 2
t 173 55
m 4 10
1 7 12
2 6 1
3 7 2
t 172 55
m 4 10
1 7 11
2 7 1
3 6 2
t 171 55
m 4 11
1 8 11
2 6 1
3 6 1
t 170 55
m 4 10
1 9 11
2 6 0
3 7 1
t 169 55
m 4 9
1 9 12
2 7 0
3 8 1
t 168 55
m 4 8
1 8 12
2 7 1
3 8 0
t 167 55
m 5 8
1 9 12
2 6 1
3 7 0
t 166 55
m 5 9
1 8 12
2 7 1
3 7 1
t 165 55
m 4 9
1 8 13
2 7 2
3 8 1
t 164 55
m 4 9
1 7 13
2 7 1
3 8 0
f 1 5
t 163 55
m 4 8
1 8 13
2 6 1
3 8 1
t 162 55
m 3 8
1 9 13
2 7 1
3 8 2
t 161 55
m 4 8
1 9 14
2 8 1
3 7 2
t 160 55
m 4 8
1 8 14
2 7 1
3 7 1
t 159 55
m 3 8
1 9 14
2 8 1
3 8 1
t 158 55
m 2 8
1 9 13
2 9 1
3 9 1
t 157 62
m 1 8
1 8 13
2 8 1
3 9 0
t 156 62
m 1 7
1 9 13
2 7 1
3 8 0
t 155 62
m 1 6
1 9 12
2 7 2
3 7 0
t 154 62
m 0 6
1 8 12
2 6 2
3 6 0
t 153 62
m 0 5
1 8 11
2 7 2
3 6 1
t 152 62
m 0 5
1 7 11
2 7 1
3 7 1
t 151 62
m 0 5
1 7 12
2 7 2
3 6 1
t 150 62
m 0 5
1 6 12
2 8 2
3 5 1
t 149 62
m 0 5
1 7 12
2 7 2
3 5 0
t 148 62
m 0 5
1 7 11
2 8 2
3 4 0
t 147 62
m 1 5
1 7 10
2 7 2
3 5 0
t 146 72
m 1 6
1 7 9
2 6 2
3 4 0
t 145 72
m 1 5
1 7 10
2 7 2
3 4 1
t 144 72
m 1 4
1 7 9
2 7 1
3 4 2
t 143 80
m 1 4
1 7 10
2 7 2
3 4 3
t 142 80
m 1 4
1 7 11
2 6 2
3 5 3
t 141 80
m 1 5
1 6 11
2 6 1
3 4 3
t 140 80
m 1 6
1 5 11
2 6 0
3 4 2
t 139 80
m 1 5
1 6 11
2 5 0
3 4 3
t 138 80
m 1 4
1 6 12
2 4 0
3 5 3
t 137 80
m 1 5
1 6 11
2 3 0
3 4 3
t 136 80
m 0 5
1 6 12
2 3 1
3 5 3
t 135 80
m 1 5
1 7 12
2 3 2
3 4 3
t 134 80
m 1 5
1 8 12
2 3 3
3 5 3
t 133 80
m 1 4
1 7 12
2 2 3
3 5 2
t 132 80
m 1 5
1 6 12
2 3 3
3 4 2
t 131 80
m 1 5
1 7 12
2 3 4
3 5 2
t 130 80
m 0 5
1 7 11
2 2 4
3 4 2
t 129 80
m 0 5
1 7 12
2 3 4
3 4 1
t 128 80
m 0 5
1 8 12
2 3 3
3 4 2
t 127 80
m 0 5
1 8 13
2 3 2
3 5 2
t 126 80
m 0 5
1 9 13
2 2 2
3 5 1
t 125 80
m 0 5
1 9 14
2 1 2
3 5 2
t 124 80
m 0 5
1 8 14
2 0 2
3 5 1
t 123 80
m 0 5
1 8 13
2 1 2
3 6 1
t 122 80
m 0 5
1 8 12
2 0 2
3 5 1
t 121 80
m 0 5
1 8 13
2 0 3
3 6 1
f 1 9
t 120 80
m 1 5
1 8 14
2 1 3
3 6 0
t 119 80
m 1 4
1 9 14
2 0 3
3 7 0
t 118 80
m 1 5
1 9 13
2 1 3
3 6 0
t 117 80
m 1 6
1 8 13
2 1 2
3 7 0
t 116 80
m 1 7
1 7 13
2 1 1
3 8 0
t 115 80
m 1 8
1 7 12
2 1 2
3 8 1
t 114 80
m 1 9
1 7 13
2 1 1
3 8 0
t 113 90
m 2 9
1 7 12
2 1 0
3 7 0
t 112 90
m 2 9
1 7 13
2 2 0
3 6 0
f 3 0
t 111 90
m 2 9
1 6 13
2 3 0
3 7 0
t 110 90
m 2 8
1 6 12
2 2 0
3 6 0
t 109 90
m 1 8
1 5 12
2 3 0
3 7 0
t 108 90
m 1 7
1 4 12
2 4 0
3 6 0
t 107 90
m 1 6
1 4 11
2 5 0
3 6 1
t 106 90
m 1 6
1 4 12
2 6 0
3 6 2
t 105 90
m 1 6
1 4 11
2 5 0
3 5 2
t 104 90
m 1 5
1 5 11
2 5 1
3 4 2
t 103 90
m 1 5
1 5 10
2 5 0
3 4 1
t 102 90
m 1 5
1 5 9
2 6 0
3 4 0
t 101 90
m 1 5
1 4 9
2 6 1
3 4 1
t 100 90
m 1 5
1 5 9
2 5 1
3 4 2
t 99 90
m 2 5
1 4 9
2 6 1
3 3 2
t 98 97
m 2 5
1 4 10
2 7 1
3 3 1
t 97 97
m 2 4
1 4 11
2 6 1
3 4 1
t 96 97
m 2 4
1 3 11
2 6 0
3 4 0
t 95 97
m 2 3
1 3 12
2 7 0
3 4 1
t 94 97
m 2 2
1 2 12
2 7 1
3 5 1
t 93 97
m 2 3
1 1 12
2 8 1
3 4 1
t 92 97
m 1 3
1 0 12
2 8 0
3 3 1
t 91 104
m 0 3
1 1 12
2 8 1
3 4 1
t 90 104
m 0 2
1 1 11
2 8 2
3 4 2
t 89 104
m 0 3
1 1 12
2 8 1
3 4 3
t 88 104
m 0 2
1 1 11
2 8 2
3 5 3
t 87 104
m 0 1
1 2 11
2 8 1
3 5 2
t 86 104
m 0 0
1 1 11
2 8 0
3 6 2
t 85 104
m 0 1
1 1 12
2 7 0
3 5 2
t 84 104
m 1 1
1 2 12
2 8 0
3 6 2
t 83 104
m 1 0
1 3 12
2 9 0
3 6 1
t 82 104
m 2 0
1 2 12
2 8 0
3 6 0
t 81 104
m 3 0
1 2 11
2 9 0
3 5 0
t 80 114
m 2 0
1 1 11
2 8 0
3 5 1
t 79 114
m 2 0
1 1 12
2 8 1
3 5 2
f 7 14
t 78 114
m 1 0
1 1 11
2 8 0
3 5 1
t 77 114
m 0 0
1 0 11
2 7 0
3 4 1
t 76 114
m 0 1
1 0 10
2 6 0
3 4 2
t 75 114
m 0 0
1 1 10
2 6 1
3 4 1
t 74 114
m 1 0
1 0 10
2 6 2
3 3 1
t 73 114
m 2 0
1 1 10
2 6 1
3 4 1
t 72 114
m 1 0
1 1 9
2 6 0
3 4 2
t 71 114
m 0 0
1 1 10
2 5 0
3 4 1
t 70 114
m 0 0
1 1 9
2 6 0
3 4 0
t 69 114
m 0 1
1 0 9
2 6 1
3 5 0
t 68 114
m 0 2
1 1 9
2 6 2
3 4 0
t 67 114
m 0 3
1 0 9
2 6 1
3 4 1
t 66 114
m 1 3
1 0 10
2 6 0
3 4 2
t 65 114
m 1 4
1 0 9
2 7 0
3 5 2
t 64 114
m 1 4
1 1 9
2 7 1
3 6 2
t 63 114
m 2 4
1 2 9
2 7 0
3 6 1
t 62 114
m 2 3
1 2 8
2 7 1
3 6 0
t 61 114
m 3 3
1 3 8
2 8 1
3 6 1
t 60 114
m 2 3
1 4 8
2 8 2
3 5 1
t 59 114
m 2 4
1 4 9
2 8 1
3 6 1
t 58 114
m 2 4
1 3 9
2 8 2
3 7 1
t 57 114
m 2 3
1 3 8
2 9 2
3 7 2
t 56 114
m 1 3
1 4 8
2 8 2
3 6 2
t 55 114
m 0 3
1 4 9
2 8 1
3 5 2
t 54 114
m 1 3
1 5 9
2 8 0
3 5 3
t 53 114
m 1 4
1 5 8
2 9 0
3 4 3
t 52 114
m 1 5
1 4 8
2 9 1
3 4 2
t 51 114
m 1 5
1 4 9
2 9 2
3 4 3
t 50 114
m 1 6
1 5 9
2 9 1
3 4 2
t 49 114
m 1 6
1 4 9
2 9 0
3 4 3
t 48 114
m 0 6
1 4 8
2 8 0
3 3 3
t 47 114
m 1 6
1 4 9
2 9 0
3 3 4
t 46 114
m 1 7
1 5 9
2 8 0
3 3 3
t 45 114
m 0 7
1 5 10
2 7 0
3 4 3
t 44 114
m 1 7
1 5 9
2 8 0
3 5 3
t 43 114
m 0 7
1 4 9
2 9 0
3 5 2
t 42 114
m 0 6
1 4 10
2 9 1
3 5 1
t 41 114
m 1 6
1 4 9
2 9 2
3 6 1
t 40 114
m 0 6
1 5 9
2 8 2
3 6 0
t 39 114
m 0 6
1 4 9
2 7 2
3 5 0
t 38 114
m 0 6
1 4 8
2 8 2
3 6 0
t 37 114
m 0 6
1 4 9
2 9 2
3 5 0
t 36 114
m 0 5
1 4 8
2 8 2
3 4 0
t 35 114
m 1 5
1 3 8
2 8 1
3 4 1
t 34 114
m 1 5
1 3 9
2 9 1
3 4 0
t 33 114
m 1 4
1 2 9
2 9 0
3 3 0
t 32 114
m 1 4
1 1 9
2 9 1
3 4 0
t 31 114
m 2 4
1 1 10
2 9 2
3 5 0
t 30 114
m 2 4
1 1 9
2 8 2
3 6 0
t 29 114
m 2 3
1 1 8
2 8 1
3 6 1
t 28 114
m 2 3
1 1 7
2 9 1
3 6 0
t 27 114
m 3 3
1 1 8
2 9 0
3 6 1
t 26 114
m 3 4
1 1 9
2 9 1
3 6 2
t 25 121
m 3 5
1 2 9
2 9 0
3 5 2
t 24 128
m 2 5
1 2 8
2 8 0
3 4 2
t 23 128
m 2 4
1 1 8
2 7 0
3 3 2
t 22 128
m 2 5
1 0 8
2 7 1
3 3 3
t 21 128
m 2 6
1 0 7
2 7 2
3 3 2
t 20 128
m 2 5
1 0 8
2 6 2
3 4 2
t 19 128
m 2 6
1 0 7
2 6 1
3 4 3
t 18 128
m 2 5
1 0 8
2 5 1
3 3 3
t 17 128
m 2 6
1 0 7
2 5 0
3 2 3
t 16 128
m 3 6
1 0 8
2 4 0
3 3 3
t 15 128
m 3 7
1 0 9
2 3 0
3 2 3
t 14 128
m 3 8
1 0 8
2 3 1
3 2 4
t 13 128
m 3 9
1 0 9
2 4 1
3 1 4
t 12 128
m 3 10
1 0 8
2 4 2
3 1 5
t 11 128
m 3 11
1 0 9
2 4 3
3 1 4
t 10 135
m 3 12
1 0 8
2 3 3
3 1 3
t 9 135
m 4 12
1 1 8
2 3 2
3 2 3
t 8 135
m 4 12
1 0 8
2 4 2
3 2 4
t 7 135
m 5 12
1 0 9
2 5 2
3 2 3
t 6 135
m 5 13
1 0 10
2 5 3
3 2 2
t 5 135
m 5 13
1 1 10
2 4 3
3 1 2
t 4 135
m 5 14
1 1 11
2 4 2
3 2 2
t 3 135
m 6 14
1 2 11
2 4 1
3 1 2
t 2 135
m 6 14
1 1 11
2 3 1
3 1 3
t 1 135
m 7 14
1 1 10
2 3 2
3 1 4
t 0 145
