10
15
m 0 14
1 9 0
2 9 0
3 9 0
p 2 13
p 3 13
p 6 13
w 3 12
w 4 12
p 2 11
w 4 10
w 5 10
w 6 10
w 7 10
w 8 10
w 1 9
w 2 9
p 8 9
w 1 8
w 2 8
p 4 8
p 7 8
w 8 7
w 1 6
w 2 6
w 5 6
w 6 6
p 7 6
w 8 6
w 1 5
w 2 5
w 5 5
w 6 5
w 8 5
w 5 4
w 6 4
p 7 4
w 8 4
w 1 3
w 2 3
w 5 3
w 6 3
w 8 3
w 5 2
w 2 1
w 3 1
w 5 1
w 5 0
t 300 0
m 1 14
1 9 1
2 9 1
3 9 1
t 299 0
m 0 14
1 8 1
2 9 2
3 9 2
t 298 0
m 1 14
1 8 2
2 9 3
3 8 2
t 297 0
m 1 13
1 9 2
2 9 4
3 9 2
t 296 0
m 1 14
1 9 3
2 9 5
3 9 1
t 295 0
m 0 14
1 9 2
2 9 6
3 9 2
t 294 0
m 1 14
1 8 2
2 9 7
3 8 2
t 293 0
m 2 14
1 8 1
2 9 8
3 7 2
t 292 0
m 2 13
1 7 1
2 9 9
3 7 1
t 291 11
m 1 13
1 7 0
2 9 10
3 7 0
t 290 11
m 1 14
1 8 0
2 9 11
3 7 1
t 289 11
m 2 14
1 8 1
2 9 12
3 8 1
t 288 11
m 1 14
1 8 0
2 9 13
3 8 2
f 8 11
t 287 11
m 1 13
1 8 1
2 9 14
3 9 2
t 286 11
m 1 12
1 9 1
2 9 13
3 9 1
t 285 11
m 1 11
1 9 0
2 9 14
3 8 1
t 284 11
m 2 11
1 8 0
2 9 13
3 7 1
t 283 22
m 3 11
1 8 1
2 9 14
3 7 0
t 282 22
m 4 11
1 9 1
2 9 13
3 7 1
t 281 22
m 5 11
1 9 0
2 9 14
3 7 0
t 280 22
m 6 11
1 8 0
2 9 13
3 8 0
t 279 22
m 7 11
1 8 1
2 9 14
3 9 0
t 278 22
m 8 11
1 9 1
2 9 13
3 9 1
t 277 32
m 8 11
1 9 0
2 9 14
3 9 2
t 276 32
m 8 11
1 9 1
2 9 13
3 8 2
t 275 32
m 8 11
1 8 1
2 9 14
3 7 2
t 274 32
m 8 11
1 8 0
2 9 13
3 6 2
f 3 10
t 273 32
m 7 11
1 8 1
2 9 14
3 6 1
t 272 32
m 6 11
1 8 0
2 9 13
3 7 1
t 271 32
m 5 11
1 8 1
2 9 14
3 7 2
t 270 32
m 4 11
1 8 0
2 9 13
3 7 1
t 269 32
m 3 11
1 8 1
2 9 14
3 7 0
t 268 32
m 3 10
1 8 0
2 9 13
3 8 0
t 267 42
m 3 10
1 7 0
2 9 14
3 7 0
t 266 42
m 3 10
1 8 0
2 9 13
3 7 1
t 265 42
m 3 10
1 9 0
2 9 14
3 7 2
f 8 8
t 264 42
m 3 9
1 8 0
2 9 13
3 6 2
t 263 42
m 4 9
1 8 1
2 9 14
3 7 2
t 262 42
m 4 8
1 8 0
2 9 13
3 7 1
t 261 53
m 5 8
1 8 1
2 9 14
3 6 1
t 260 53
m 6 8
1 8 0
2 9 13
3 6 0
t 259 53
m 7 8
1 7 0
2 9 14
3 7 0
t 258 64
m 8 8
1 8 0
2 9 13
3 8 0
t 257 74
m 8 8
1 8 1
2 9 14
3 7 0
t 256 74
m 8 8
1 9 1
2 9 13
3 7 1
t 255 74
m 8 8
1 9 0
2 9 14
3 7 0
t 254 74
m 8 8
1 8 0
2 9 13
3 6 0
f 4 2
t 253 74
m 7 8
1 9 0
2 9 14
3 6 1
t 252 74
m 6 8
1 9 1
2 9 13
3 7 1
t 251 74
m 5 8
1 9 2
2 9 14
3 6 1
t 250 74
m 5 7
1 9 3
2 9 13
3 6 0
t 249 74
m 4 7
1 9 2
2 9 14
3 7 0
t 248 74
m 4 6
1 9 3
2 9 13
3 7 1
t 247 74
m 4 5
1 9 4
2 9 14
3 6 1
t 246 74
m 4 4
1 9 5
2 9 13
3 7 1
t 245 74
m 4 3
1 9 6
2 9 14
3 7 2
t 244 74
m 4 2
1 9 7
2 9 13
3 7 1
t 243 84
m 4 2
1 9 6
2 9 14
3 7 0
t 242 84
m 4 2
1 9 5
2 9 13
3 7 1
t 241 84
m 4 2
1 9 6
2 9 14
3 7 2
t 240 84
m 4 2
1 9 7
2 9 13
3 7 3
t 239 84
m 4 2
1 9 6
2 9 14
3 7 2
t 238 84
m 4 2
1 9 5
2 9 13
3 6 2
t 237 84
m 4 2
1 9 4
2 9 14
3 7 2
t 236 84
m 4 2
1 9 3
2 9 13
3 8 2
t 235 84
m 4 2
1 9 4
2 9 14
3 9 2
t 234 84
m 4 2
1 9 5
2 9 13
3 8 2
t 233 84
m 4 2
1 9 4
2 9 14
3 7 2
t 232 84
m 4 2
1 9 5
2 9 13
3 6 2
t 231 84
m 4 2
1 9 6
2 9 14
3 7 2
t 230 84
m 4 2
1 9 7
2 9 13
3 6 2
t 229 84
m 4 2
1 9 6
2 9 14
3 6 1
t 228 84
m 4 2
1 9 5
2 9 13
3 7 1
t 227 84
m 4 2
1 9 4
2 9 14
3 8 1
t 226 84
m 4 2
1 9 3
2 9 13
3 8 2
t 225 84
m 4 2
1 9 4
2 9 14
3 7 2
t 224 84
m 4 2
1 9 5
2 9 13
3 6 2
t 223 84
m 4 2
1 9 4
2 9 14
3 7 2
t 222 84
m 4 2
1 9 3
2 9 13
3 7 3
t 221 84
m 4 2
1 9 2
2 9 14
3 7 4
t 220 84
m 4 2
1 8 2
2 9 13
3 7 3
t 219 84
m 4 2
1 7 2
2 9 14
3 7 4
t 218 84
m 4 2
1 7 3
2 9 13
3 7 5
t 217 84
m 4 2
1 7 2
2 9 14
3 7 6
t 216 84
m 4 2
1 7 3
2 9 13
3 7 5
f 0 4
t 215 84
m 4 3
1 7 2
2 9 14
3 7 4
t 214 84
m 4 4
1 7 1
2 9 13
3 7 3
t 213 84
m 3 4
1 7 0
2 9 14
3 7 4
t 212 84
m 2 4
1 6 0
2 9 13
3 7 3
t 211 84
m 1 4
1 7 0
2 9 14
3 7 4
t 210 84
m 0 4
1 6 0
2 9 13
3 7 3
t 209 94
m 0 4
1 7 0
2 9 14
3 7 2
t 208 94
m 0 4
1 6 0
2 9 13
3 6 2
t 207 94
m 0 4
1 6 1
2 9 14
3 6 1
t 206 94
m 0 4
1 6 2
2 9 13
3 6 2
t 205 94
m 0 4
1 7 2
2 9 14
3 6 1
t 204 94
m 0 4
1 6 2
2 9 13
3 7 1
f 0 11
t 203 94
m 0 5
1 6 1
2 9 14
3 6 1
t 202 94
m 0 6
1 7 1
2 9 13
3 7 1
t 201 94
m 0 7
1 7 0
2 9 14
3 6 1
t 200 94
m 0 8
1 8 0
2 9 13
3 7 1
t 199 94
m 0 9
1 8 1
2 9 14
3 7 0
t 198 94
m 0 10
1 8 0
2 9 13
3 8 0
t 197 94
m 0 11
1 7 0
2 9 14
3 7 0
t 196 104
m 0 11
1 6 0
2 9 13
3 7 1
t 195 104
m 0 11
1 7 0
2 9 14
3 8 1
t 194 104
m 0 11
1 6 0
2 9 13
3 7 1
t 193 104
m 0 11
1 7 0
2 9 14
3 6 1
t 192 104
m 0 11
1 8 0
2 9 13
3 6 2
t 191 104
m 0 11
1 7 0
2 9 14
3 7 2
t 190 104
m 0 11
1 7 1
2 9 13
3 8 2
t 189 104
m 0 11
1 7 0
2 9 14
3 8 1
t 188 104
m 0 11
1 6 0
2 9 13
3 9 1
t 187 104
m 0 11
1 7 0
2 9 14
3 9 0
t 186 104
m 0 11
1 6 0
2 9 13
3 9 1
t 185 104
m 0 11
1 7 0
2 9 14
3 8 1
t 184 104
m 0 11
1 8 0
2 9 13
3 7 1
t 183 104
m 0 11
1 9 0
2 9 14
3 7 0
t 182 104
m 0 11
1 8 0
2 9 13
3 8 0
t 181 104
m 0 11
1 9 0
2 9 14
3 7 0
t 180 104
m 0 11
1 9 1
2 9 13
3 6 0
f 2 12
t 179 104
m 1 11
1 9 0
2 9 14
3 6 1
t 178 104
m 2 11
1 8 0
2 9 13
3 7 1
t 177 104
m 2 12
1 7 0
2 9 14
3 8 1
t 176 114
m 2 12
1 8 0
2 9 13
3 9 1
t 175 114
m 2 12
1 8 1
2 9 14
3 8 1
t 174 114
m 2 12
1 8 0
2 9 13
3 7 1
t 173 114
m 2 12
1 7 0
2 9 14
3 8 1
t 172 114
m 2 12
1 8 0
2 9 13
3 9 1
t 171 114
m 2 12
1 8 1
2 9 14
3 9 0
t 170 114
m 2 12
1 7 1
2 9 13
3 9 1
t 169 114
m 2 12
1 8 1
2 9 14
3 8 1
t 168 114
m 2 12
1 7 1
2 9 13
3 8 2
t 167 114
m 2 12
1 6 1
2 9 14
3 7 2
t 166 114
m 2 12
1 6 2
2 9 13
3 7 1
t 165 114
m 2 12
1 6 1
2 9 14
3 7 2
t 164 114
m 2 12
1 6 2
2 9 13
3 8 2
t 163 114
m 2 12
1 7 2
2 9 14
3 9 2
t 162 114
m 2 12
1 8 2
2 9 13
3 9 3
t 161 114
m 2 12
1 7 2
2 9 14
3 9 4
t 160 114
m 2 12
1 7 1
2 9 13
3 9 5
t 159 114
m 2 12
1 7 0
2 9 14
3 9 6
f 9 11
t 158 114
m 2 11
1 6 0
2 9 13
3 9 7
t 157 114
m 3 11
1 7 0
2 9 14
3 9 8
t 156 114
m 4 11
1 6 0
2 9 13
3 8 8
t 155 114
m 5 11
1 7 0
2 9 14
3 9 8
t 154 114
m 6 11
1 6 0
2 9 13
3 9 7
t 153 114
m 7 11
1 6 1
2 9 14
3 9 8
t 152 114
m 8 11
1 7 1
2 9 13
3 9 9
t 151 114
m 9 11
1 7 0
2 9 14
3 9 10
t 150 124
m 9 11
1 7 1
2 9 13
3 9 9
t 149 124
m 9 11
1 8 1
2 9 14
3 8 9
t 148 124
m 9 11
1 8 0
2 9 13
3 8 8
t 147 124
m 9 11
1 8 1
2 9 14
3 8 9
t 146 124
m 9 11
1 8 0
2 9 13
3 8 8
t 145 124
m 9 11
1 9 0
2 9 14
3 7 8
t 144 124
m 9 11
1 9 1
2 9 13
3 6 8
t 143 124
m 9 11
1 9 0
2 9 14
3 5 8
f 2 14
t 142 124
m 9 12
1 9 1
2 9 13
3 4 8
t 141 124
m 8 12
1 9 0
2 9 14
3 4 9
t 140 124
m 7 12
1 8 0
2 9 13
3 5 9
t 139 124
m 6 12
1 9 0
2 9 14
3 6 9
t 138 124
m 5 12
1 9 1
2 9 13
3 5 9
t 137 124
m 5 13
1 9 0
2 9 14
3 4 9
t 136 124
m 4 13
1 8 0
2 9 13
3 5 9
t 135 124
m 3 13
1 7 0
2 9 14
3 6 9
t 134 135
m 3 14
1 7 1
2 9 13
3 5 9
t 133 135
m 2 14
1 7 0
2 9 14
3 5 8
t 132 145
m 2 14
1 7 1
2 9 13
3 5 7
t 131 145
m 2 14
1 6 1
2 9 14
3 6 7
t 130 145
m 2 14
1 6 0
2 9 13
3 7 7
t 129 145
m 2 14
1 7 0
2 9 14
3 7 6
f 9 5
t 128 145
m 2 13
1 7 1
2 9 13
3 7 5
t 127 145
m 3 13
1 8 1
2 9 14
3 7 6
t 126 145
m 4 13
1 9 1
2 9 13
3 7 5
t 125 145
m 5 13
1 9 2
2 9 14
3 7 4
t 124 145
m 5 12
1 8 2
2 9 13
3 7 3
t 123 145
m 6 12
1 9 2
2 9 14
3 7 4
t 122 145
m 6 11
1 9 1
2 9 13
3 7 3
t 121 145
m 7 11
1 8 1
2 9 14
3 7 2
t 120 145
m 8 11
1 8 2
2 9 13
3 7 1
t 119 145
m 9 11
1 7 2
2 9 14
3 8 1
t 118 145
m 9 10
1 8 2
2 9 13
3 9 1
t 117 145
m 9 9
1 9 2
2 9 14
3 8 1
t 116 145
m 9 8
1 9 1
2 9 13
3 8 0
t 115 145
m 9 7
1 9 2
2 9 14
3 8 1
t 114 145
m 9 6
1 8 2
2 9 13
3 7 1
t 113 145
m 9 5
1 8 1
2 9 14
3 7 0
t 112 155
m 9 5
1 9 1
2 9 13
3 6 0
f 3 8
t 111 155
m 9 6
1 9 2
2 9 14
3 7 0
t 110 155
m 9 7
1 9 1
2 9 13
3 8 0
t 109 155
m 9 8
1 8 1
2 9 14
3 8 1
t 108 155
m 8 8
1 7 1
2 9 13
3 8 2
t 107 155
m 7 8
1 7 0
2 9 14
3 8 1
t 106 155
m 6 8
1 8 0
2 9 13
3 8 0
t 105 155
m 5 8
1 9 0
2 9 14
3 8 1
t 104 155
m 4 8
1 9 1
2 9 13
3 9 1
t 103 155
m 3 8
1 9 0
2 9 14
3 9 2
t 102 165
m 3 8
1 9 1
2 9 13
3 9 3
t 101 165
m 3 8
1 8 1
2 9 14
3 9 4
t 100 165
m 3 8
1 8 2
2 9 13
3 9 5
t 99 165
m 3 8
1 9 2
2 9 14
3 9 6
t 98 165
m 3 8
1 9 3
2 9 13
3 9 7
t 97 165
m 3 8
1 9 2
2 9 14
3 9 6
t 96 165
m 3 8
1 8 2
2 9 13
3 9 7
f 6 7
t 95 165
m 4 8
1 8 1
2 9 14
3 9 6
t 94 165
m 4 7
1 7 1
2 9 13
3 9 5
t 93 165
m 5 7
1 7 2
2 9 14
3 9 6
t 92 165
m 6 7
1 7 3
2 9 13
3 9 5
t 91 175
m 6 7
1 7 2
2 9 14
3 9 4
f 9 9
t 90 175
m 6 8
1 6 2
2 9 13
3 9 3
t 89 175
m 6 9
1 7 2
2 9 14
3 9 2
t 88 175
m 7 9
1 8 2
2 9 13
3 9 1
t 87 175
m 8 9
1 7 2
2 9 14
3 9 0
t 86 186
m 9 9
1 6 2
2 9 13
3 9 1
t 85 196
m 9 9
1 7 2
2 9 14
3 9 0
t 84 196
m 9 9
1 7 1
2 9 13
3 8 0
t 83 196
m 9 9
1 7 2
2 9 14
3 9 0
t 82 196
m 9 9
1 7 3
2 9 13
3 8 0
t 81 196
m 9 9
1 7 4
2 9 14
3 9 0
f 6 2
t 80 196
m 8 9
1 7 3
2 9 13
3 9 1
t 79 196
m 7 9
1 7 4
2 9 14
3 8 1
t 78 196
m 6 9
1 7 5
2 9 13
3 9 1
t 77 196
m 6 8
1 7 4
2 9 14
3 8 1
t 76 196
m 6 7
1 7 5
2 9 13
3 8 0
t 75 196
m 6 7
1 7 6
2 9 14
3 7 0
t 74 196
m 6 7
1 7 7
2 9 13
3 7 1
t 73 196
m 6 7
1 7 6
2 9 14
3 7 0
t 72 196
m 6 7
1 7 5
2 9 13
3 7 1
t 71 196
m 6 7
1 7 6
2 9 14
3 8 1
t 70 196
m 6 7
1 7 5
2 9 13
3 8 0
t 69 196
m 6 7
1 7 6
2 9 14
3 9 0
t 68 196
m 6 7
1 7 5
2 9 13
3 9 1
t 67 196
m 6 7
1 7 6
2 9 14
3 9 2
t 66 196
m 6 7
1 7 7
2 9 13
3 9 1
t 65 196
m 6 7
1 6 7
2 9 14
3 8 1
t 64 196
