10
15
m 0 14
1 9 0
2 9 0
3 9 0
p 6 13
w 8 13
p 2 12
p 4 12
w 8 12
w 4 11
w 5 11
w 7 11
w 8 11
p 2 10
w 7 10
w 8 10
w 4 9
w 8 9
w 0 8
p 2 8
w 4 8
w 6 8
w 0 7
w 2 7
w 8 7
w 9 7
p 1 6
w 7 6
w 9 6
w 1 5
w 3 5
w 4 5
p 5 5
w 7 5
w 9 5
w 5 4
w 7 4
p 8 4
w 9 4
p 8 3
w 9 3
w 1 2
w 2 2
w 3 2
w 1 1
w 2 1
w 8 1
w 4 0
t 300 0
m 1 14
1 8 0
2 8 0
3 9 1
t 299 0
m 1 13
1 7 0
2 7 0
3 9 2
t 298 0
m 1 12
1 6 0
2 7 1
3 8 2
t 297 0
m 1 13
1 7 0
2 7 0
3 8 3
t 296 0
m 1 12
1 7 1
2 7 1
3 8 2
t 295 0
m 1 13
1 7 2
2 7 2
3 7 2
t 294 0
m 0 13
1 7 3
2 7 1
3 7 1
t 293 0
m 0 14
1 6 3
2 7 2
3 7 0
t 292 0
m 0 13
1 5 3
2 7 1
3 6 0
t 291 0
m 1 13
1 4 3
2 7 0
3 6 1
f 6 5
t 290 0
m 1 13
1 5 3
2 8 0
3 6 2
t 289 0
m 2 13
1 5 2
2 9 0
3 7 2
t 288 0
m 3 13
1 5 3
2 9 1
3 7 1
t 287 0
m 3 13
1 4 3
2 9 0
3 7 0
t 286 0
m 3 14
1 5 3
2 9 1
3 7 1
t 285 0
m 4 14
1 6 3
2 9 0
3 6 1
t 284 0
m 5 14
1 6 2
2 8 0
3 6 0
t 283 0
m 4 14
1 5 2
2 7 0
3 6 1
t 282 0
m 5 14
1 4 2
2 6 0
3 7 1
t 281 0
m 5 14
1 4 3
2 7 0
3 6 1
t 280 0
m 5 13
1 4 2
2 7 1
3 7 1
t 279 0
m 5 13
1 4 1
2 6 1
3 7 2
t 278 0
m 5 12
1 3 1
2 7 1
3 6 2
t 277 0
m 6 12
1 4 1
2 7 0
3 6 1
t 276 0
m 6 11
1 5 1
2 7 1
3 6 2
t 275 0
m 6 10
1 4 1
2 7 2
3 6 3
t 274 0
m 6 9
1 5 1
2 7 3
3 6 4
t 273 0
m 6 9
1 5 0
2 7 2
3 6 5
t 272 0
m 6 10
1 6 0
2 7 1
3 6 6
t 271 0
m 6 9
1 6 1
2 7 2
3 5 6
t 270 0
m 6 9
1 7 1
2 7 1
3 5 5
t 269 0
m 7 9
1 7 2
2 7 0
3 5 6
t 268 0
m 7 9
1 7 3
2 6 0
3 5 5
t 267 0
m 7 9
1 8 3
2 5 0
3 6 5
t 266 0
m 6 9
1 8 4
2 5 1
3 6 6
t 265 0
m 6 10
1 8 3
2 6 1
3 6 7
t 264 0
m 6 9
1 8 2
2 6 2
3 6 6
t 263 0
m 7 9
1 9 2
2 6 3
3 6 7
t 262 0
m 6 9
1 9 1
2 5 3
3 7 7
t 261 0
m 6 9
1 9 2
2 4 3
3 6 7
t 260 0
m 7 9
1 8 2
2 3 3
3 7 7
t 259 0
m 6 9
1 8 3
2 3 4
3 6 7
t 258 0
m 6 9
1 8 2
2 3 3
3 6 6
t 257 0
m 6 9
1 9 2
2 4 3
3 5 6
t 256 0
m 6 10
1 8 2
2 3 3
3 6 6
t 255 0
m 5 10
1 8 3
2 3 4
3 6 7
t 254 0
m 6 10
1 8 4
2 2 4
3 5 7
t 253 0
m 6 9
1 8 3
2 3 4
3 5 6
t 252 0
m 5 9
1 8 2
2 4 4
3 6 6
t 251 0
m 5 9
1 7 2
2 4 3
3 6 5
t 250 0
m 5 9
1 8 2
2 5 3
3 5 5
t 249 0
m 6 9
1 7 2
2 6 3
3 6 5
t 248 0
m 6 10
1 7 3
2 6 4
3 5 5
t 247 0
m 6 10
1 8 3
2 6 5
3 5 6
t 246 0
m 6 11
1 8 2
2 6 4
3 5 7
t 245 0
m 6 11
1 9 2
2 6 5
3 5 8
t 244 0
m 6 12
1 9 1
2 5 5
3 5 9
t 243 0
m 7 12
1 9 2
2 6 5
3 5 8
t 242 0
m 6 12
1 8 2
2 6 4
3 5 7
t 241 0
m 6 11
1 8 3
2 6 5
3 5 6
t 240 0
m 6 11
1 7 3
2 6 4
3 4 6
t 239 0
m 6 10
1 6 3
2 6 3
3 4 7
t 238 0
m 6 9
1 5 3
2 6 4
3 4 6
t 237 0
m 7 9
1 6 3
2 6 5
3 5 6
t 236 0
m 6 9
1 6 2
2 6 6
3 5 7
t 235 0
m 6 9
1 6 3
2 6 5
3 5 6
t 234 0
m 7 9
1 5 3
2 6 6
3 5 7
t 233 0
m 7 8
1 6 3
2 6 5
3 6 7
t 232 0
m 8 8
1 6 2
2 5 5
3 7 7
t 231 0
m 7 8
1 6 1
2 5 6
3 7 8
t 230 0
