10
15
m 0 14
1 9 0
2 9 0
3 9 0
w 5 14
w 9 14
p 1 13
w 5 13
p 6 13
w 7 13
w 9 13
p 2 12
p 3 12
w 5 12
p 6 12
w 9 12
w 5 11
p 6 11
p 8 11
w 9 11
w 5 10
w 9 10
w 1 9
w 2 9
p 3 9
w 5 9
p 8 9
w 9 9
w 2 8
p 3 8
w 9 8
p 1 7
w 2 7
w 7 7
w 8 7
w 9 7
p 2 6
p 3 6
w 6 6
w 7 6
w 8 6
w 9 6
p 2 5
p 7 5
w 0 4
p 1 4
p 3 4
p 4 4
p 5 4
p 2 3
p 3 3
w 5 3
p 6 3
p 7 3
p 1 2
p 2 2
w 5 2
w 8 2
w 0 1
w 5 1
w 8 1
w 0 0
w 4 0
w 5 0
t 300 0
m 1 14
1 8 0
2 8 0
3 8 0
f 4 9
t 299 0
m 2 14
1 7 0
2 7 0
3 9 0
t 298 0
m 3 14
1 8 0
2 6 0
3 9 1
t 297 0
m 4 14
1 9 0
2 6 1
3 9 2
t 296 0
m 4 13
1 9 1
2 6 0
3 9 3
t 295 0
m 4 12
1 9 0
2 7 0
3 8 3
t 294 0
m 4 11
1 9 1
2 8 0
3 7 3
t 293 0
m 4 10
1 9 2
2 7 0
3 7 4
t 292 0
m 4 10
1 9 1
2 8 0
3 7 3
t 291 0
m 4 10
1 9 0
2 7 0
3 7 4
t 290 0
m 4 10
1 8 0
2 8 0
3 7 3
t 289 0
m 4 10
1 9 0
2 9 0
3 6 3
t 288 0
m 4 10
1 8 0
2 9 1
3 6 4
t 287 0
m 4 10
1 7 0
2 9 2
3 6 3
t 286 0
m 4 10
1 6 0
2 9 1
3 7 3
t 285 0
m 4 10
1 6 1
2 9 2
3 8 3
t 284 0
m 4 10
1 6 2
2 9 1
3 9 3
t 283 0
m 4 10
1 6 1
2 9 2
3 9 4
t 282 0
m 4 10
1 6 0
2 9 3
3 9 5
t 281 0
m 4 10
1 6 1
2 9 4
3 9 4
t 280 0
m 4 10
1 6 0
2 8 4
3 9 5
t 279 0
m 4 10
1 6 1
2 8 3
3 9 4
t 278 0
m 4 10
1 6 0
2 8 4
3 9 3
t 277 0
m 4 10
1 6 1
2 8 3
3 9 2
t 276 0
m 4 10
1 7 1
2 8 4
3 9 3
t 275 0
m 4 10
1 6 1
2 8 5
3 8 3
t 274 0
m 4 10
1 6 0
2 8 4
3 8 4
t 273 0
m 4 10
1 7 0
2 8 3
3 7 4
t 272 0
m 4 10
1 6 0
2 9 3
3 6 4
t 271 0
m 4 10
1 7 0
2 9 4
3 6 5
t 270 0
m 4 10
1 7 1
2 8 4
3 6 4
t 269 0
m 4 10
1 6 1
2 7 4
3 6 3
t 268 0
m 4 10
1 6 2
2 6 4
3 7 3
t 267 0
m 4 10
1 6 3
2 6 3
3 7 4
t 266 0
m 4 10
1 6 2
2 6 2
3 7 5
t 265 0
m 4 10
1 6 1
2 7 2
3 6 5
t 264 0
m 4 10
1 6 2
2 6 2
3 7 5
t 263 0
m 4 10
1 6 3
2 6 3
3 6 5
t 262 0
m 4 10
1 6 2
2 6 2
3 7 5
t 261 0
m 4 10
1 6 3
2 7 2
3 8 5
t 260 0
m 4 10
1 6 2
2 7 1
3 9 5
t 259 0
m 4 10
1 7 2
2 6 1
3 8 5
t 258 0
m 4 10
1 6 2
2 6 2
3 9 5
t 257 0
m 4 10
1 6 1
2 6 3
3 9 4
t 256 0
m 4 10
1 6 2
2 6 2
3 9 5
t 255 0
m 4 10
1 6 3
2 6 3
3 9 4
t 254 0
m 4 10
1 7 3
2 6 4
3 9 3
t 253 0
m 4 10
1 7 2
2 7 4
3 8 3
t 252 0
m 4 10
1 7 1
2 7 3
3 8 4
t 251 0
m 4 10
1 6 1
2 7 2
3 7 4
t 250 0
m 4 10
1 6 0
2 7 1
3 6 4
t 249 0
m 4 10
1 7 0
2 7 0
3 6 5
t 248 0
m 4 10
1 7 1
2 6 0
3 7 5
t 247 0
m 4 10
1 7 2
2 7 0
3 6 5
t 246 0
m 4 10
1 7 1
2 8 0
3 5 5
t 245 0
m 4 10
1 6 1
2 7 0
3 4 5
t 244 0
m 4 10
1 6 2
2 8 0
3 4 4
t 243 0
m 4 10
1 6 3
2 9 0
3 5 4
t 242 0
m 4 10
1 7 3
2 8 0
3 5 5
t 241 0
m 4 10
1 8 3
2 9 0
3 4 5
t 240 0
m 4 10
1 8 4
2 9 1
3 4 6
t 239 0
m 4 10
1 8 3
2 9 2
3 4 5
t 238 0
m 4 10
1 8 4
2 9 3
3 3 5
t 237 0
m 4 10
1 8 5
2 9 4
3 4 5
t 236 0
m 4 10
1 9 5
2 9 3
3 4 4
t 235 0
m 4 10
1 8 5
2 9 4
3 4 3
t 234 0
m 4 10
1 8 4
2 8 4
3 4 2
t 233 0
m 4 10
1 8 3
2 9 4
3 4 1
t 232 0
m 4 10
1 9 3
2 9 3
3 4 2
t 231 0
m 4 10
1 9 4
2 9 4
3 4 1
t 230 0
m 4 10
1 9 5
2 9 3
3 4 2
t 229 0
m 4 10
1 9 4
2 9 4
3 4 3
t 228 0
m 4 10
1 9 5
2 9 3
3 4 4
t 227 0
m 4 10
1 9 4
2 9 4
3 3 4
t 226 0
m 4 10
1 8 4
2 8 4
3 2 4
t 225 0
m 4 10
1 8 5
2 9 4
3 2 5
t 224 0
m 4 10
1 8 4
2 8 4
3 2 4
t 223 0
m 4 10
1 8 5
2 8 5
3 2 5
t 222 0
m 4 10
1 8 4
2 9 5
3 1 5
t 221 0
m 4 10
1 7 4
2 8 5
3 0 5
t 220 0
m 4 10
1 6 4
2 8 4
3 0 6
t 219 0
m 4 10
1 6 5
2 7 4
3 0 7
t 218 0
m 4 10
1 5 5
2 7 3
3 0 6
t 217 0
m 4 10
1 6 5
2 7 2
3 1 6
t 216 0
m 4 10
1 7 5
2 7 3
3 2 6
t 215 0
m 4 10
1 8 5
2 8 3
3 3 6
t 214 0
m 4 10
1 9 5
2 7 3
3 3 7
t 213 0
m 4 10
1 8 5
2 7 2
3 4 7
t 212 0
m 4 10
1 8 4
2 6 2
3 4 8
t 211 0
m 4 10
1 7 4
2 6 3
3 3 8
t 210 0
m 4 10
1 7 3
2 6 4
3 3 9
t 209 0
m 4 10
1 7 4
2 5 4
3 4 9
t 208 0
m 4 10
1 7 3
2 6 4
3 3 9
t 207 0
m 4 10
1 8 3
2 5 4
3 3 8
t 206 0
m 4 10
1 8 4
2 4 4
3 3 9
t 205 0
m 4 10
1 8 5
2 4 5
3 3 8
t 204 0
m 4 10
1 8 4
2 4 6
3 4 8
t 203 0
m 4 10
1 9 4
2 4 7
3 4 7
t 202 0
m 4 10
1 9 5
2 4 8
3 3 7
t 201 0
m 4 10
1 8 5
2 4 9
3 3 8
t 200 0
m 4 10
1 9 5
2 4 10
3 3 7
t 199 0
