10
15
m 0 14
1 9 0
2 9 0
3 9 0
w 1 13
w 2 13
w 3 13
w 4 13
w 5 13
w 1 12
w 2 12
w 3 12
w 4 12
w 7 12
w 8 12
p 6 11
w 7 11
w 8 11
p 3 10
p 6 10
p 7 10
w 8 10
w 1 9
p 6 9
w 8 9
p 4 8
w 5 8
p 7 8
w 1 7
w 2 7
w 5 7
w 8 7
w 9 7
p 2 6
p 3 6
p 5 6
w 8 6
w 9 6
w 0 4
w 2 4
p 6 4
p 7 4
w 0 3
p 1 3
p 3 3
w 4 3
w 7 3
w 0 2
p 3 2
w 4 2
w 6 2
w 7 2
w 0 1
p 7 1
w 0 0
t 300 0
m 0 14
1 8 0
2 8 0
3 8 0
t 299 0
m 1 14
1 9 0
2 9 0
3 9 0
t 298 0
m 2 14
1 8 0
2 9 1
3 9 1
t 297 0
m 2 14
1 9 0
2 8 1
3 9 0
t 296 0
m 1 14
1 9 1
2 9 1
3 8 0
t 295 0
m 2 14
1 9 2
2 8 1
3 9 0
t 294 0
m 3 14
1 9 3
2 7 1
3 8 0
t 293 0
m 3 14
1 9 4
2 8 1
3 9 0
t 292 0
m 3 14
1 8 4
2 7 1
3 8 0
t 291 0
m 3 14
1 8 3
2 7 0
3 8 1
t 290 0
m 3 14
1 8 4
2 8 0
3 8 2
t 289 0
m 2 14
1 9 4
2 8 1
3 8 1
t 288 0
m 3 14
1 9 5
2 8 2
3 9 1
t 287 0
m 2 14
1 9 4
2 8 1
3 8 1
t 286 0
m 3 14
1 9 3
2 9 1
3 8 2
t 285 0
m 2 14
1 9 4
2 8 1
3 8 3
t 284 0
m 2 14
1 9 3
2 8 0
3 8 2
t 283 0
m 3 14
1 9 4
2 8 1
3 8 3
t 282 0
m 4 14
1 9 5
2 8 0
3 8 4
t 281 0
m 4 14
1 8 5
2 9 0
3 8 3
t 280 0
m 5 14
1 7 5
2 9 1
3 9 3
t 279 0
m 4 14
1 8 5
2 8 1
3 9 4
t 278 0
m 3 14
1 7 5
2 8 0
3 9 5
t 277 0
m 3 14
1 7 6
2 9 0
3 8 5
t 276 0
m 3 14
1 6 6
2 8 0
3 7 5
t 275 0
m 2 14
1 5 6
2 9 0
3 6 5
t 274 0
m 2 14
1 5 5
2 8 0
3 6 4
t 273 0
m 2 14
1 6 5
2 9 0
3 6 3
t 272 0
m 3 14
1 7 5
2 8 0
3 5 3
t 271 0
m 2 14
1 7 6
2 9 0
3 5 4
t 270 0
m 1 14
1 7 7
2 8 0
3 6 4
t 269 0
m 2 14
1 7 6
2 7 0
3 6 5
t 268 0
m 3 14
1 6 6
2 7 1
3 6 6
f 5 2
t 267 0
m 4 14
1 6 7
2 8 1
3 5 6
t 266 0
m 5 14
1 6 6
2 8 0
3 5 5
t 265 0
m 5 14
1 7 6
2 8 1
3 4 5
t 264 0
m 5 14
1 7 7
2 8 2
3 4 6
t 263 0
m 5 14
1 7 8
2 8 1
3 4 7
t 262 0
m 5 14
1 6 8
2 9 1
3 3 7
t 261 0
m 5 14
1 7 8
2 9 0
3 4 7
t 260 0
m 5 14
1 7 7
2 8 0
3 3 7
t 259 0
m 5 14
1 7 6
2 8 1
3 3 6
t 258 0
m 5 14
1 7 5
2 9 1
3 3 5
t 257 0
m 5 14
1 6 5
2 9 2
3 2 5
t 256 0
m 5 14
1 6 6
2 9 3
3 2 6
t 255 0
m 5 14
1 6 5
2 8 3
3 1 6
t 254 0
m 5 14
1 5 5
2 9 3
3 2 6
t 253 0
m 5 14
1 5 4
2 8 3
3 2 5
t 252 0
m 5 14
1 4 4
2 8 4
3 1 5
t 251 0
m 6 14
1 3 4
2 8 3
3 0 5
t 250 0
m 5 14
1 3 3
2 8 4
3 1 5
t 249 0
m 4 14
1 3 4
2 9 4
3 1 6
t 248 0
m 5 14
1 4 4
2 8 4
3 0 6
t 247 0
m 5 14
1 5 4
2 7 4
3 1 6
t 246 0
m 5 14
1 4 4
2 7 5
3 0 6
t 245 0
m 5 14
1 3 4
2 7 6
3 1 6
t 244 0
m 5 14
1 4 4
2 6 6
3 1 5
t 243 0
m 5 14
1 4 5
2 7 6
3 1 6
t 242 0
m 5 14
1 4 4
2 6 6
3 2 6
t 241 0
m 5 14
1 5 4
2 5 6
3 3 6
t 240 0
m 5 14
1 6 4
2 6 6
3 3 5
t 239 0
m 5 14
1 5 4
2 7 6
3 3 6
t 238 0
m 5 14
1 6 4
2 7 5
3 3 7
t 237 0
m 5 14
1 6 5
2 7 4
3 3 6
t 236 0
m 5 14
1 5 5
2 7 5
3 3 5
t 235 0
m 6 14
1 4 5
2 6 5
3 3 4
t 234 0
m 5 14
1 3 5
2 5 5
3 4 4
t 233 0
m 5 14
1 4 5
2 4 5
3 4 5
t 232 0
m 5 14
1 4 6
2 4 4
3 3 5
t 231 0
m 5 14
1 4 5
2 3 4
3 3 6
t 230 0
m 5 14
1 4 6
2 3 3
3 3 7
t 229 0
m 5 14
1 4 7
2 3 4
3 4 7
t 228 0
m 5 14
1 4 8
2 3 3
3 4 6
t 227 0
m 5 14
1 3 8
2 2 3
3 3 6
t 226 0
m 5 14
1 3 7
2 3 3
3 2 6
t 225 0
m 5 14
1 3 8
2 2 3
3 1 6
t 224 0
m 5 14
1 2 8
2 1 3
3 0 6
t 223 0
m 5 14
1 1 8
2 1 4
3 0 5
t 222 0
m 5 14
1 0 8
2 1 3
3 1 5
t 221 0
m 5 14
1 0 9
2 2 3
3 0 5
t 220 0
m 5 14
1 0 8
2 2 2
3 0 6
t 219 0
m 5 14
1 0 7
2 1 2
3 0 7
t 218 0
m 5 14
1 0 8
2 1 1
3 0 6
t 217 0
m 5 14
1 0 9
2 1 2
3 1 6
t 216 0
m 4 14
1 0 10
2 1 3
3 2 6
t 215 0
m 5 14
1 0 11
2 1 2
3 1 6
t 214 0
m 5 14
1 0 10
2 2 2
3 0 6
t 213 0
m 5 14
1 0 11
2 2 1
3 0 5
t 212 0
m 5 14
1 0 10
2 2 0
3 1 5
t 211 0
m 5 14
1 0 11
2 2 1
3 0 5
t 210 0
m 5 14
1 0 10
2 2 0
3 1 5
t 209 0
m 5 14
1 0 11
2 1 0
3 2 5
t 208 0
m 5 14
1 1 11
2 1 1
3 1 5
t 207 0
m 5 14
1 0 11
2 1 0
3 1 6
t 206 0
m 5 14
1 1 11
2 2 0
3 1 5
t 205 0
m 5 14
1 0 11
2 2 1
3 1 6
t 204 0
m 5 14
1 1 11
2 2 0
3 0 6
t 203 0
m 4 14
1 2 11
2 3 0
3 0 7
t 202 0
m 4 14
1 3 11
2 2 0
3 0 6
t 201 0
m 5 14
1 2 11
2 1 0
3 1 6
t 200 0
m 5 14
1 3 11
2 1 1
3 1 5
t 199 0
m 5 14
1 2 11
2 1 2
3 2 5
t 198 0
m 5 14
1 3 11
2 1 1
3 2 6
t 197 0
m 5 14
1 3 10
2 2 1
3 3 6
t 196 0
m 5 14
1 2 10
2 1 1
3 4 6
t 195 0
m 5 14
1 1 10
2 1 2
3 4 7
t 194 0
m 5 14
1 1 11
2 1 3
3 3 7
t 193 0
m 5 14
1 2 11
2 1 4
3 3 6
t 192 0
m 5 14
1 1 11
2 1 5
3 4 6
t 191 0
m 5 14
1 2 11
2 1 4
3 5 6
t 190 0
m 5 14
1 3 11
2 1 5
3 5 5
t 189 0
m 5 14
1 4 11
2 1 4
3 5 4
t 188 0
m 5 14
1 4 10
2 1 3
3 4 4
t 187 0
m 5 14
1 3 10
2 1 2
3 4 5
t 186 0
m 5 14
1 2 10
2 2 2
3 4 4
t 185 0
m 5 14
1 3 10
2 2 3
3 3 4
t 184 0
m 5 14
1 3 9
2 2 2
3 4 4
t 183 0
m 5 14
1 3 8
2 3 2
3 5 4
t 182 0
m 4 14
1 4 8
2 2 2
3 6 4
t 181 0
m 5 14
1 4 9
2 3 2
3 5 4
t 180 0
m 5 14
1 4 10
2 2 2
3 4 4
t 179 0
m 5 14
1 4 11
2 1 2
3 5 4
t 178 0
m 5 14
1 5 11
2 2 2
3 4 4
t 177 0
m 5 14
1 6 11
2 2 3
3 3 4
t 176 0
m 5 14
1 6 12
2 2 2
3 3 3
t 175 0
m 5 14
1 6 11
2 3 2
3 2 3
t 174 0
m 5 14
1 5 11
2 3 3
3 1 3
t 173 0
m 5 14
1 6 11
2 2 3
3 2 3
t 172 0
m 5 14
1 6 12
2 2 2
3 3 3
t 171 0
m 5 14
1 6 13
2 2 1
3 2 3
t 170 0
m 5 14
1 6 14
2 2 2
3 1 3
t 169 0
m 5 14
1 7 14
2 1 2
3 1 2
t 168 0
m 5 14
1 6 14
2 2 2
3 2 2
t 167 0
m 5 14
1 5 14
2 3 2
3 3 2
t 166 0
