10
15
m 0 14
1 9 0
2 9 0
3 9 0
w 4 14
w 5 14
w 6 14
w 7 14
w 0 13
w 1 13
w 6 13
w 7 13
p 3 12
p 5 12
p 7 12
p 2 11
p 6 11
w 8 11
w 2 10
w 3 10
w 4 10
p 6 10
w 2 9
w 3 9
w 4 9
p 5 9
p 8 9
w 9 9
w 3 8
w 4 8
p 5 8
w 9 8
w 1 7
w 3 7
p 5 7
w 7 7
w 9 7
p 4 6
p 5 6
w 0 5
p 1 5
p 7 5
p 8 5
w 0 4
p 2 4
p 4 4
w 5 4
w 6 4
w 0 3
w 2 3
w 5 3
w 6 3
p 6 2
p 7 2
w 1 1
w 2 1
w 3 1
w 5 1
p 8 1
t 300 0
m 0 14
1 8 0
2 9 1
3 8 0
t 299 0
m 0 14
1 8 1
2 9 2
3 7 0
t 298 0
m 0 14
1 7 1
2 9 1
3 8 0
t 297 0
m 1 14
1 8 1
2 9 0
3 7 0
t 296 0
m 1 14
1 8 0
2 9 1
3 7 1
t 295 0
m 0 14
1 8 1
2 9 2
3 7 2
t 294 0
m 0 14
1 8 2
2 9 1
3 7 1
t 293 0
m 0 14
1 8 1
2 9 2
3 8 1
t 292 0
m 0 14
1 9 1
2 9 1
3 9 1
t 291 0
m 0 14
1 8 1
2 8 1
3 8 1
t 290 0
m 0 14
1 8 2
2 9 1
3 7 1
t 289 0
m 0 14
1 8 3
2 9 0
3 7 2
t 288 0
m 0 14
1 8 2
2 8 0
3 7 1
t 287 0
m 1 14
1 7 2
2 8 1
3 6 1
t 286 0
m 0 14
1 7 3
2 7 1
3 6 2
t 285 0
m 1 14
1 7 4
2 8 1
3 5 2
t 284 0
m 0 14
1 7 3
2 8 2
3 4 2
t 283 0
m 1 14
1 7 4
2 8 1
3 4 1
f 5 2
t 282 0
m 0 14
1 8 4
2 9 1
3 4 0
t 281 0
m 0 14
1 9 4
2 8 1
3 3 0
t 280 0
m 0 14
1 8 4
2 8 2
3 2 0
t 279 0
m 0 14
1 8 5
2 7 2
3 1 0
t 278 0
m 0 14
1 8 6
2 7 1
3 0 0
t 277 0
m 0 14
1 7 6
2 8 1
3 0 1
t 276 0
m 0 14
1 6 6
2 8 0
3 0 2
t 275 0
m 0 14
1 5 6
2 8 1
3 1 2
t 274 0
m 0 14
1 5 7
2 9 1
3 0 2
t 273 0
m 0 14
1 6 7
2 9 0
3 1 2
t 272 0
m 0 14
1 6 8
2 9 1
3 1 3
t 271 0
m 0 14
1 6 7
2 9 2
3 1 2
t 270 0
m 0 14
1 5 7
2 9 1
3 1 3
t 269 0
m 0 14
1 5 6
2 9 0
3 1 4
t 268 0
m 0 14
1 5 7
2 9 1
3 2 4
t 267 0
m 0 14
1 5 6
2 9 0
3 3 4
t 266 0
m 0 14
1 6 6
2 8 0
3 2 4
t 265 0
m 0 14
1 6 7
2 7 0
3 2 5
t 264 0
m 0 14
1 6 8
2 6 0
3 3 5
t 263 0
m 0 14
1 6 7
2 5 0
3 3 6
t 262 0
m 0 14
1 6 8
2 6 0
3 2 6
t 261 0
m 0 14
1 5 8
2 5 0
3 2 7
t 260 0
m 0 14
1 6 8
2 6 0
3 2 8
t 259 0
m 0 14
1 7 8
2 5 0
3 2 7
t 258 0
m 0 14
1 8 8
2 4 0
3 2 6
t 257 0
m 0 14
1 7 8
2 3 0
3 2 7
t 256 0
m 0 14
1 6 8
2 2 0
3 2 6
t 255 0
m 0 14
1 7 8
2 3 0
3 2 5
t 254 0
m 0 14
1 6 8
2 2 0
3 2 4
t 253 0
m 0 14
1 6 7
2 3 0
3 1 4
t 252 0
m 0 14
1 6 8
2 2 0
3 1 3
t 251 0
m 0 14
1 7 8
2 1 0
3 1 4
t 250 0
m 0 14
1 8 8
2 0 0
3 2 4
t 249 0
m 0 14
1 8 7
2 1 0
3 2 5
t 248 0
m 0 14
1 8 6
2 0 0
3 2 6
t 247 0
m 0 14
1 7 6
2 0 1
3 2 5
t 246 0
m 0 14
1 6 6
2 0 0
3 3 5
t 245 0
m 0 14
1 5 6
2 1 0
3 3 4
t 244 0
m 0 14
1 6 6
2 0 0
3 3 3
t 243 0
m 0 14
1 7 6
2 0 1
3 3 4
t 242 0
m 0 14
1 7 5
2 0 2
3 3 5
t 241 0
m 0 14
1 7 6
2 1 2
3 3 4
t 240 0
m 0 14
1 7 5
2 0 2
3 3 5
t 239 0
m 0 14
1 7 6
2 0 1
3 3 6
t 238 0
m 0 14
1 6 6
2 0 2
3 3 5
t 237 0
m 0 14
1 5 6
2 0 1
3 3 4
t 236 0
m 0 14
1 5 5
2 0 0
3 3 3
t 235 0
m 0 14
1 6 5
2 1 0
3 3 4
t 234 0
m 0 14
1 5 5
2 0 0
3 3 5
t 233 0
m 0 14
1 4 5
2 0 1
3 4 5
t 232 0
m 0 14
1 4 6
2 0 2
3 3 5
t 231 0
m 0 14
1 3 6
2 1 2
3 2 5
t 230 0
m 0 14
1 3 5
2 2 2
3 1 5
t 229 0
m 0 14
1 3 4
2 3 2
3 1 6
t 228 0
m 0 14
1 3 3
2 4 2
3 0 6
t 227 0
m 0 14
1 4 3
2 4 1
3 1 6
t 226 0
m 0 14
1 4 4
2 4 0
3 1 5
t 225 0
m 0 14
1 4 5
2 5 0
3 1 4
t 224 0
m 0 14
1 4 4
2 6 0
3 1 3
t 223 0
m 0 14
1 4 3
2 7 0
3 1 4
t 222 0
m 0 14
1 4 4
2 6 0
3 2 4
t 221 0
m 0 14
1 3 4
2 6 1
3 1 4
t 220 0
m 0 14
1 4 4
2 6 2
3 2 4
t 219 0
m 0 14
1 4 3
2 6 1
3 3 4
t 218 0
m 0 14
1 3 3
2 6 0
3 4 4
t 217 0
m 0 14
1 4 3
2 5 0
3 4 5
t 216 0
m 0 14
1 3 3
2 6 0
3 4 4
t 215 0
m 0 14
1 3 2
2 5 0
3 4 3
t 214 0
m 0 14
1 4 2
2 6 0
3 4 2
t 213 0
m 0 14
1 3 2
2 7 0
3 5 2
t 212 0
m 0 14
1 2 2
2 7 1
3 4 2
t 211 0
m 0 14
1 1 2
2 7 0
3 3 2
t 210 0
m 0 14
1 2 2
2 7 1
3 3 3
t 209 0
m 0 14
1 1 2
2 7 0
3 3 2
t 208 0
m 0 14
1 1 3
2 8 0
3 4 2
t 207 0
m 0 14
1 1 2
2 7 0
3 4 1
t 206 0
m 0 14
1 0 2
2 8 0
3 4 2
t 205 0
m 0 14
1 0 1
2 8 1
3 5 2
t 204 0
m 0 14
1 0 0
2 8 2
3 4 2
t 203 0
m 0 14
1 1 0
2 8 3
3 4 3
t 202 0
m 0 14
1 2 0
2 8 4
3 3 3
t 201 0
m 0 14
1 1 0
2 8 5
3 4 3
t 200 0
m 0 14
1 2 0
2 7 5
3 3 3
t 199 0
m 0 14
1 1 0
2 7 4
3 3 4
t 198 0
m 0 14
1 0 0
2 7 3
3 3 3
t 197 0
m 0 14
1 0 1
2 8 3
3 3 4
t 196 0
m 0 14
1 0 0
2 7 3
3 3 5
t 195 0
m 0 14
1 1 0
2 7 4
3 2 5
t 194 0
m 0 14
1 0 0
2 7 3
3 2 4
t 193 0
m 0 14
1 1 0
2 7 2
3 2 5
t 192 0
m 0 14
1 2 0
2 7 3
3 3 5
t 191 0
m 0 14
1 3 0
2 8 3
3 4 5
t 190 0
m 0 14
1 2 0
2 8 2
3 4 4
t 189 0
m 0 14
1 3 0
2 8 1
3 4 3
t 188 0
m 0 14
1 4 0
2 8 2
3 4 2
t 187 0
m 0 14
1 5 0
2 7 2
3 3 2
t 186 0
m 0 14
1 4 0
2 7 3
3 2 2
t 185 0
m 0 14
1 3 0
2 7 4
3 3 2
t 184 0
m 0 14
1 4 0
2 7 3
3 3 3
t 183 0
m 0 14
1 5 0
2 7 2
3 3 2
t 182 0
m 0 14
1 4 0
2 7 1
3 3 3
t 181 0
m 0 14
1 3 0
2 7 0
3 4 3
t 180 0
m 0 14
1 4 0
2 8 0
3 4 2
t 179 0
m 0 14
1 5 0
2 7 0
3 5 2
t 178 0
m 0 14
1 4 0
2 8 0
3 4 2
t 177 0
m 0 14
1 3 0
2 8 1
3 5 2
t 176 0
m 0 14
1 2 0
2 7 1
3 4 2
t 175 0
m 0 14
1 1 0
2 7 0
3 4 1
t 174 0
m 0 14
1 0 0
2 8 0
3 4 2
t 173 0
m 0 14
1 1 0
2 7 0
3 5 2
t 172 0
m 0 14
1 0 0
2 8 0
3 4 2
t 171 0
m 0 14
1 0 1
2 7 0
3 5 2
t 170 0
m 0 14
1 0 2
2 6 0
3 6 2
t 169 0
m 0 14
1 0 1
2 7 0
3 5 2
t 168 0
m 0 14
1 0 2
2 7 1
3 4 2
t 167 0
m 0 14
1 1 2
2 8 1
3 4 3
t 166 0
m 0 14
1 2 2
2 7 1
3 4 2
t 165 0
m 0 14
1 3 2
2 7 0
3 5 2
t 164 0
m 0 14
1 2 2
2 7 1
3 4 2
t 163 0
m 0 14
1 3 2
2 6 1
3 4 1
t 162 0
m 0 14
1 2 2
2 6 0
3 4 0
t 161 0
m 0 14
1 1 2
2 7 0
3 4 1
t 160 0
m 0 14
1 2 2
2 7 1
3 4 2
t 159 0
m 0 14
1 1 2
2 7 0
3 4 3
t 158 0
m 0 14
1 1 3
2 7 1
3 3 3
t 157 0
m 0 14
1 1 4
2 6 1
3 4 3
t 156 0
m 0 14
1 1 5
2 6 0
3 4 4
t 155 0
m 0 14
1 1 6
2 7 0
3 4 5
t 154 0
m 0 14
1 1 5
2 6 0
3 4 6
t 153 0
m 0 14
1 1 6
2 6 1
3 3 6
t 152 0
m 0 14
1 2 6
2 6 2
3 4 6
t 151 0
m 0 14
1 1 6
2 7 2
3 3 6
t 150 0
m 0 14
1 0 6
2 8 2
3 2 6
t 149 0
m 0 14
1 1 6
2 9 2
3 2 7
t 148 0
m 0 14
1 0 6
2 9 3
3 2 8
t 147 0
m 0 14
1 0 7
2 9 4
3 2 7
t 146 0
m 0 14
1 0 6
2 8 4
3 2 6
t 145 0
m 0 14
1 1 6
2 8 3
3 1 6
t 144 0
m 0 14
1 2 6
2 8 2
3 1 5
t 143 0
m 0 14
1 3 6
2 8 1
3 2 5
t 142 0
m 0 14
1 2 6
2 7 1
3 2 6
t 141 0
m 0 14
1 3 6
2 8 1
3 2 7
t 140 0
m 0 14
1 4 6
2 9 1
3 2 6
t 139 0
m 0 14
1 3 6
2 8 1
3 2 5
t 138 0
m 0 14
1 3 5
2 8 2
3 3 5
t 137 0
m 0 14
1 4 5
2 9 2
3 3 4
t 136 0
m 0 14
1 4 4
2 8 2
3 2 4
t 135 0
m 0 14
1 3 4
2 8 3
3 1 4
t 134 0
m 0 14
1 3 3
2 7 3
3 2 4
t 133 0
m 0 14
1 3 2
2 7 4
3 3 4
t 132 0
m 0 14
1 3 3
2 8 4
3 3 5
t 131 0
m 0 14
1 3 4
2 7 4
3 2 5
t 130 0
m 0 14
1 3 5
2 8 4
3 1 5
t 129 0
m 0 14
1 4 5
2 8 3
3 2 5
t 128 0
m 0 14
1 5 5
2 7 3
3 2 6
t 127 0
m 0 14
1 5 6
2 7 2
3 3 6
t 126 0
m 0 14
1 5 5
2 8 2
3 3 5
t 125 0
m 0 14
1 5 6
2 9 2
3 2 5
t 124 0
m 0 14
1 5 5
2 9 1
3 2 6
t 123 0
m 0 14
1 5 6
2 9 0
3 3 6
t 122 0
m 0 14
1 5 5
2 9 1
3 2 6
t 121 0
m 0 14
1 5 6
2 9 0
3 1 6
t 120 0
m 0 14
1 5 5
2 9 1
3 1 5
t 119 0
m 0 14
1 5 6
2 9 0
3 1 6
t 118 0
m 0 14
1 6 6
2 8 0
3 0 6
t 117 0
m 0 14
1 7 6
2 8 1
3 1 6
t 116 0
m 0 14
1 7 5
2 9 1
3 1 5
t 115 0
m 0 14
1 8 5
2 9 2
3 1 4
t 114 0
m 0 14
1 8 6
2 8 2
3 1 5
t 113 0
m 0 14
1 8 5
2 7 2
3 1 6
t 112 0
m 0 14
1 9 5
2 7 3
3 2 6
t 111 0
m 0 14
1 9 4
2 7 4
3 2 5
t 110 0
m 0 14
1 9 5
2 7 5
3 3 5
t 109 0
m 0 14
1 8 5
2 6 5
3 2 5
t 108 0
m 0 14
1 8 6
2 6 6
3 2 6
t 107 0
m 0 14
1 7 6
2 7 6
3 2 5
t 106 0
m 0 14
1 6 6
2 7 5
3 1 5
t 105 0
m 0 14
1 5 6
2 7 6
3 2 5
t 104 0
m 0 14
1 6 6
2 6 6
3 2 6
t 103 0
m 0 14
1 7 6
2 5 6
3 2 5
t 102 0
m 0 14
1 8 6
2 5 7
3 1 5
t 101 0
m 0 14
1 8 7
2 4 7
3 2 5
t 100 0
m 0 14
1 8 8
2 5 7
3 2 4
t 99 0
m 0 14
1 7 8
2 5 6
3 1 4
t 98 0
m 0 14
1 8 8
2 5 5
3 1 3
t 97 0
m 0 14
1 7 8
2 4 5
3 1 4
t 96 0
m 0 14
1 7 9
2 5 5
3 1 5
t 95 0
m 0 14
1 7 8
2 5 6
3 2 5
t 94 0
m 0 14
1 6 8
2 4 6
3 2 6
t 93 0
m 0 14
1 5 8
2 5 6
3 2 7
t 92 0
m 0 14
1 5 9
2 5 7
3 2 8
t 91 0
m 0 14
1 5 10
2 4 7
3 1 8
t 90 0
m 0 14
1 6 10
2 5 7
3 1 9
t 89 0
m 0 14
1 5 10
2 5 8
3 1 8
t 88 0
m 0 14
1 6 10
2 5 9
3 0 8
t 87 0
m 0 14
1 5 10
2 5 8
3 0 7
t 86 0
m 0 14
1 5 11
2 5 9
3 0 8
t 85 0
m 0 14
1 5 10
2 5 10
3 0 7
t 84 0
m 0 14
1 5 9
2 5 11
3 0 8
t 83 0
m 0 14
1 5 8
2 6 11
3 0 9
t 82 0
m 0 14
1 5 9
2 5 11
3 0 8
t 81 0
m 0 14
1 6 9
2 5 12
3 1 8
t 80 0
m 0 14
1 5 9
2 5 11
3 2 8
t 79 0
m 0 14
1 5 10
2 5 12
3 2 7
t 78 0
m 0 14
1 6 10
2 5 11
3 2 6
t 77 0
m 0 14
1 6 11
2 5 12
3 1 6
t 76 0
m 0 14
1 6 10
2 5 11
3 2 6
t 75 0
m 0 14
1 7 10
2 6 11
3 2 5
t 74 0
m 0 14
1 7 11
2 7 11
3 3 5
t 73 0
m 0 14
1 7 12
2 6 11
3 2 5
t 72 0
m 0 14
1 6 12
2 5 11
3 2 4
t 71 0
m 0 14
1 6 11
2 5 10
3 3 4
t 70 0
m 0 14
1 6 12
2 6 10
3 4 4
t 69 0
m 0 14
1 7 12
2 6 9
3 3 4
t 68 0
m 0 14
1 8 12
2 6 8
3 3 5
t 67 0
m 0 14
1 9 12
2 6 9
3 4 5
t 66 0
m 0 14
1 9 13
2 5 9
3 4 4
t 65 0
m 0 14
1 9 14
2 6 9
3 3 4
t 64 0
m 0 14
1 8 14
2 7 9
3 3 5
t 63 0
m 0 14
1 9 14
2 7 8
3 3 4
t 62 0
m 0 14
1 8 14
2 7 9
3 2 4
t 61 0
m 0 14
1 8 13
2 7 8
3 1 4
t 60 0
m 0 14
1 8 14
2 6 8
3 2 4
t 59 0
m 0 14
1 9 14
2 6 7
3 2 5
t 58 0
m 0 14
1 8 14
2 6 6
3 3 5
t 57 0
m 0 14
1 9 14
2 6 7
3 3 6
t 56 0
m 0 14
1 8 14
2 6 6
3 2 6
t 55 0
m 0 14
1 8 13
2 7 6
3 1 6
t 54 0
m 0 14
1 9 13
2 7 5
3 2 6
t 53 0
m 0 14
1 8 13
2 6 5
3 3 6
t 52 0
m 0 14
1 8 14
2 6 6
3 3 5
t 51 0
m 0 14
1 8 13
2 6 7
3 3 4
t 50 0
m 0 14
1 8 14
2 5 7
3 3 5
t 49 0
m 0 14
1 9 14
2 6 7
3 3 6
t 48 0
m 0 14
1 8 14
2 5 7
3 3 5
t 47 0
m 0 14
1 8 13
2 4 7
3 2 5
t 46 0
m 0 14
1 9 13
2 5 7
3 2 4
t 45 0
m 0 14
1 9 12
2 6 7
3 1 4
t 44 0
m 0 14
1 9 13
2 6 6
3 1 5
t 43 0
m 0 14
1 8 13
2 7 6
3 2 5
t 42 0
m 0 14
1 9 13
2 7 5
3 2 6
t 41 0
m 0 14
1 9 14
2 7 6
3 2 5
t 40 0
m 0 14
1 8 14
2 7 5
3 1 5
t 39 0
m 0 14
1 9 14
2 7 6
3 1 6
t 38 0
m 0 14
1 8 14
2 8 6
3 1 5
t 37 0
m 0 14
1 9 14
2 9 6
3 1 4
t 36 0
m 0 14
1 9 13
2 9 5
3 2 4
t 35 0
m 0 14
1 9 14
2 9 4
3 1 4
t 34 0
m 0 14
1 9 13
2 9 5
3 2 4
t 33 0
m 0 14
1 9 14
2 9 6
3 3 4
t 32 0
m 0 14
1 8 14
2 9 5
3 3 3
t 31 0
m 0 14
1 8 13
2 9 6
3 3 4
t 30 0
m 0 14
1 8 14
2 8 6
3 4 4
t 29 0
m 0 14
1 8 13
2 9 6
3 4 5
t 28 0
m 0 14
1 8 14
2 9 5
3 4 6
t 27 0
m 0 14
1 8 13
2 8 5
3 4 5
t 26 0
m 0 14
1 9 13
2 8 4
3 3 5
t 25 0
m 0 14
1 9 14
2 8 3
3 3 6
t 24 0
m 0 14
1 9 13
2 8 2
3 2 6
t 23 0
m 0 14
1 8 13
2 8 3
3 1 6
t 22 0
m 0 14
1 9 13
2 8 2
3 0 6
t 21 0
m 0 14
1 9 12
2 9 2
3 1 6
t 20 0
m 0 14
1 9 13
2 9 3
3 2 6
t 19 0
m 0 14
1 8 13
2 9 2
3 2 7
t 18 0
m 0 14
1 8 12
2 8 2
3 2 6
t 17 0
m 0 14
1 8 13
2 8 3
3 3 6
t 16 0
m 0 14
1 9 13
2 7 3
3 2 6
t 15 0
m 0 14
1 9 14
2 7 4
3 3 6
t 14 0
m 0 14
1 9 13
2 7 3
3 2 6
t 13 0
m 0 14
1 9 12
2 8 3
3 2 5
t 12 0
m 0 14
1 8 12
2 9 3
3 1 5
t 11 0
m 0 14
1 7 12
2 9 4
3 1 6
t 10 0
m 0 14
1 8 12
2 9 5
3 1 5
t 9 0
m 0 14
1 9 12
2 9 4
3 1 4
t 8 0
m 0 14
1 8 12
2 8 4
3 1 5
t 7 0
m 0 14
1 7 12
2 7 4
3 1 6
t 6 0
m 0 14
1 8 12
2 7 5
3 0 6
t 5 0
m 0 14
1 8 13
2 7 4
3 1 6
t 4 0
m 0 14
1 8 12
2 7 5
3 1 5
t 3 0
m 0 14
1 8 13
2 6 5
3 2 5
t 2 0
m 0 14
1 9 13
2 7 5
3 1 5
t 1 0
m 0 14
1 9 14
2 6 5
3 1 4
t 0 0
